# relative_time, cycles_done, cur_item, corpus_count, pending_total, pending_favs, map_size, saved_crashes, saved_hangs, max_depth, execs_per_sec, total_execs, edges_found, total_crashes, servers_count
61, 325, 4, 8, 0, 0, 21.05%, 5, 0, 1, 5562.73, 320873, 28, 14679, 0
66, 351, 0, 8, 0, 0, 21.05%, 5, 0, 1, 5113.17, 346262, 28, 15896, 0
71, 378, 4, 8, 0, 0, 21.05%, 5, 0, 1, 5426.50, 373370, 28, 17115, 0
76, 408, 1, 8, 0, 0, 21.05%, 5, 0, 1, 5676.41, 402812, 28, 18285, 0
81, 434, 7, 8, 0, 0, 21.05%, 5, 0, 1, 5103.55, 428662, 28, 19591, 0
86, 461, 1, 8, 0, 0, 21.05%, 5, 0, 1, 5342.77, 455612, 28, 20817, 0
91, 488, 0, 8, 0, 0, 21.05%, 5, 0, 1, 5240.30, 481862, 28, 21985, 0
96, 516, 1, 8, 0, 0, 21.05%, 5, 0, 1, 5290.59, 508962, 28, 23251, 0
101, 543, 0, 8, 0, 0, 21.05%, 5, 0, 1, 4897.03, 535012, 28, 24409, 0
106, 557, 7, 8, 0, 0, 21.05%, 5, 0, 1, 3341.54, 548380, 28, 25148, 0
111, 573, 1, 8, 0, 0, 21.05%, 5, 0, 1, 3313.78, 564928, 28, 25917, 0
116, 588, 7, 8, 0, 0, 21.05%, 5, 0, 1, 3077.73, 580675, 28, 26623, 0
121, 605, 0, 8, 0, 0, 21.05%, 5, 0, 1, 3114.69, 597162, 28, 27469, 0
127, 623, 1, 8, 0, 0, 21.05%, 5, 0, 1, 3637.42, 615112, 28, 28359, 0
132, 646, 7, 8, 0, 0, 21.05%, 5, 0, 1, 4303.41, 637813, 28, 29472, 0
137, 669, 4, 8, 0, 0, 21.05%, 5, 0, 1, 4581.18, 661012, 28, 30619, 0
142, 693, 7, 8, 0, 0, 21.05%, 5, 0, 1, 4532.23, 684655, 28, 31724, 0
147, 720, 0, 8, 0, 0, 21.05%, 5, 0, 1, 4682.92, 709412, 28, 32829, 0
152, 743, 6, 8, 0, 0, 21.05%, 5, 0, 1, 4523.52, 732504, 28, 33948, 0
157, 766, 1, 8, 0, 0, 21.05%, 5, 0, 1, 4661.66, 755556, 28, 35029, 0
162, 788, 6, 8, 0, 0, 21.05%, 5, 0, 1, 4336.03, 778012, 28, 36083, 0
167, 808, 7, 8, 0, 0, 21.05%, 5, 0, 1, 3831.20, 797790, 28, 36933, 0
172, 831, 6, 8, 0, 0, 21.05%, 5, 0, 1, 4261.48, 819848, 28, 37962, 0
177, 853, 7, 8, 0, 0, 21.05%, 5, 0, 1, 4391.55, 842251, 28, 39064, 0
183, 876, 6, 8, 0, 0, 21.05%, 5, 0, 1, 4486.34, 865604, 28, 40025, 0
188, 893, 1, 8, 0, 0, 21.05%, 5, 0, 1, 3732.86, 882212, 28, 40844, 0
193, 909, 0, 8, 0, 0, 21.05%, 5, 0, 1, 3450.54, 898862, 28, 41649, 0
198, 923, 7, 8, 0, 0, 21.05%, 5, 0, 1, 2540.57, 911964, 28, 42367, 0
203, 935, 4, 8, 0, 0, 21.05%, 5, 0, 1, 2491.89, 925261, 28, 42904, 0
208, 948, 0, 8, 0, 0, 21.05%, 5, 0, 1, 2506.15, 937614, 28, 43591, 0
213, 962, 4, 8, 0, 0, 21.05%, 5, 0, 1, 2580.10, 950967, 28, 44242, 0
218, 978, 7, 8, 0, 0, 21.05%, 5, 0, 1, 3004.23, 966965, 28, 45047, 0
223, 997, 1, 8, 0, 0, 21.05%, 5, 0, 1, 3816.00, 985515, 28, 45899, 0
228, 1013, 4, 8, 0, 0, 21.05%, 5, 0, 1, 3226.63, 1001115, 28, 46642, 0
233, 1034, 7, 8, 0, 0, 21.05%, 5, 0, 1, 3916.24, 1021844, 28, 47537, 0
238, 1051, 7, 8, 0, 0, 21.05%, 5, 0, 1, 3387.44, 1038883, 28, 48448, 0
244, 1067, 6, 8, 0, 0, 21.05%, 5, 0, 1, 3186.52, 1054277, 28, 49384, 0
249, 1088, 6, 8, 0, 0, 21.05%, 5, 0, 1, 3889.18, 1074794, 28, 50327, 0
254, 1104, 7, 8, 0, 0, 21.05%, 5, 0, 1, 3259.19, 1089965, 28, 51129, 0
259, 1120, 7, 8, 0, 0, 21.05%, 5, 0, 1, 3247.18, 1105578, 28, 51943, 0
264, 1141, 7, 8, 0, 0, 21.05%, 5, 0, 1, 3747.03, 1125542, 28, 52690, 0
269, 1159, 7, 8, 0, 0, 21.05%, 5, 0, 1, 3635.56, 1143415, 28, 53492, 0
274, 1176, 7, 8, 0, 0, 21.05%, 5, 0, 1, 3285.12, 1160128, 28, 54296, 0
279, 1187, 1, 8, 0, 0, 21.05%, 5, 0, 1, 2459.57, 1171264, 28, 54779, 0
284, 1205, 4, 8, 0, 0, 21.05%, 5, 0, 1, 3530.90, 1189456, 28, 55619, 0
289, 1223, 4, 8, 0, 0, 21.05%, 5, 0, 1, 3379.18, 1206984, 28, 56522, 0
294, 1241, 7, 8, 0, 0, 21.05%, 5, 0, 1, 3765.10, 1225740, 28, 57312, 0
300, 1258, 6, 8, 0, 0, 21.05%, 5, 0, 1, 3357.76, 1242083, 28, 58182, 0
305, 1276, 4, 8, 0, 0, 21.05%, 5, 0, 1, 3694.62, 1260965, 28, 59091, 0
310, 1294, 4, 8, 0, 0, 21.05%, 5, 0, 1, 3592.24, 1278537, 28, 59986, 0
315, 1313, 4, 8, 0, 0, 21.05%, 5, 0, 1, 3587.56, 1297338, 28, 60836, 0
320, 1330, 4, 8, 0, 0, 21.05%, 5, 0, 1, 3433.72, 1314280, 28, 61611, 0
325, 1348, 7, 8, 0, 0, 21.05%, 5, 0, 1, 3768.33, 1332142, 28, 62529, 0
330, 1369, 1, 8, 0, 0, 21.05%, 5, 0, 1, 4094.17, 1352247, 28, 63444, 0
335, 1393, 1, 8, 0, 0, 21.05%, 5, 0, 1, 4495.56, 1375856, 28, 64479, 0
340, 1417, 4, 8, 0, 0, 21.05%, 5, 0, 1, 4334.03, 1398253, 28, 65670, 0
345, 1438, 7, 8, 0, 0, 21.05%, 5, 0, 1, 4113.26, 1418398, 28, 66683, 0
350, 1457, 1, 8, 0, 0, 21.05%, 5, 0, 1, 3839.88, 1437092, 28, 67542, 0
355, 1475, 6, 8, 0, 0, 21.05%, 5, 0, 1, 3764.94, 1455342, 28, 68504, 0
360, 1496, 0, 8, 0, 0, 21.05%, 5, 0, 1, 3903.04, 1475865, 28, 69554, 0
365, 1516, 1, 8, 0, 0, 21.05%, 5, 0, 1, 3805.13, 1494843, 28, 70409, 0
370, 1536, 0, 8, 0, 0, 21.05%, 5, 0, 1, 3895.18, 1514215, 28, 71239, 0
375, 1554, 7, 8, 0, 0, 21.05%, 5, 0, 1, 3593.55, 1532288, 28, 72137, 0
380, 1575, 0, 8, 0, 0, 21.05%, 5, 0, 1, 3985.22, 1553165, 28, 72992, 0
386, 1593, 1, 8, 0, 0, 21.05%, 5, 0, 1, 3512.75, 1571137, 28, 73909, 0
391, 1615, 1, 8, 0, 0, 21.05%, 5, 0, 1, 4123.32, 1591946, 28, 74948, 0
396, 1636, 6, 8, 0, 0, 21.05%, 5, 0, 1, 3926.86, 1612393, 28, 76012, 0
401, 1652, 4, 8, 0, 0, 21.05%, 5, 0, 1, 3133.12, 1627179, 28, 76899, 0
406, 1669, 4, 8, 0, 0, 21.05%, 5, 0, 1, 3417.86, 1644550, 28, 77781, 0
411, 1687, 4, 8, 0, 0, 21.05%, 5, 0, 1, 3724.04, 1663240, 28, 78525, 0
416, 1704, 4, 8, 0, 0, 21.05%, 5, 0, 1, 3411.22, 1679735, 28, 79302, 0
421, 1719, 1, 8, 0, 0, 21.05%, 5, 0, 1, 3050.20, 1694527, 28, 79998, 0
426, 1736, 4, 8, 0, 0, 21.05%, 5, 0, 1, 3423.17, 1712115, 28, 80816, 0
431, 1751, 6, 8, 0, 0, 21.05%, 5, 0, 1, 2764.62, 1726222, 28, 81578, 0
436, 1770, 1, 8, 0, 0, 21.05%, 5, 0, 1, 3476.91, 1744865, 28, 82375, 0
441, 1787, 4, 8, 0, 0, 21.05%, 5, 0, 1, 3343.31, 1761983, 28, 83200, 0
446, 1807, 6, 8, 0, 0, 21.05%, 5, 0, 1, 3861.18, 1781815, 28, 84024, 0
451, 1825, 0, 8, 0, 0, 21.05%, 5, 0, 1, 3815.72, 1800015, 28, 84829, 0
456, 1844, 4, 8, 0, 0, 21.05%, 5, 0, 1, 3684.56, 1818764, 28, 85699, 0
461, 1862, 6, 8, 0, 0, 21.05%, 5, 0, 1, 3518.89, 1836686, 28, 86560, 0
467, 1885, 4, 8, 0, 0, 21.05%, 5, 0, 1, 4444.04, 1858915, 28, 87502, 0
472, 1907, 4, 8, 0, 0, 21.05%, 5, 0, 1, 4387.63, 1880855, 28, 88643, 0
477, 1928, 7, 8, 0, 0, 21.05%, 5, 0, 1, 4152.46, 1901450, 28, 89790, 0
482, 1951, 1, 8, 0, 0, 21.05%, 5, 0, 1, 4407.86, 1924705, 28, 90865, 0
487, 1972, 6, 8, 0, 0, 21.05%, 5, 0, 1, 4006.97, 1944715, 28, 91785, 0
492, 1992, 4, 8, 0, 0, 21.05%, 5, 0, 1, 3977.36, 1963865, 28, 92640, 0
497, 2013, 4, 8, 0, 0, 21.05%, 5, 0, 1, 3998.92, 1983915, 28, 93672, 0
502, 2032, 0, 8, 0, 0, 21.05%, 5, 0, 1, 3572.87, 2002515, 28, 94535, 0
507, 2051, 6, 8, 0, 0, 21.05%, 5, 0, 1, 3702.15, 2021340, 28, 95387, 0
512, 2071, 7, 8, 0, 0, 21.05%, 5, 0, 1, 4022.38, 2040444, 28, 96256, 0
517, 2089, 6, 8, 0, 0, 21.05%, 5, 0, 1, 3487.02, 2058637, 28, 97114, 0
523, 2110, 7, 8, 0, 0, 21.05%, 5, 0, 1, 4016.29, 2079615, 28, 98157, 0
528, 2129, 4, 8, 0, 0, 21.05%, 5, 0, 1, 3670.42, 2097862, 28, 99005, 0
533, 2152, 4, 8, 0, 0, 21.05%, 5, 0, 1, 4485.83, 2121105, 28, 99996, 0
538, 2172, 1, 8, 0, 0, 21.05%, 5, 0, 1, 3912.38, 2141765, 28, 100839, 0
543, 2190, 7, 8, 0, 0, 21.05%, 5, 0, 1, 3528.88, 2158936, 28, 101720, 0
548, 2208, 0, 8, 0, 0, 21.05%, 5, 0, 1, 3540.21, 2177765, 28, 102592, 0
553, 2227, 7, 8, 0, 0, 21.05%, 5, 0, 1, 3704.44, 2196637, 28, 103356, 0
558, 2245, 7, 8, 0, 0, 21.05%, 5, 0, 1, 3642.58, 2215240, 28, 104251, 0
563, 2265, 7, 8, 0, 0, 21.05%, 5, 0, 1, 3836.39, 2235116, 28, 105078, 0
568, 2291, 7, 8, 0, 0, 21.05%, 5, 0, 1, 4619.55, 2260256, 28, 106065, 0
573, 2311, 4, 8, 0, 0, 21.05%, 5, 0, 1, 4067.83, 2280398, 28, 107131, 0
578, 2331, 1, 8, 0, 0, 21.05%, 5, 0, 1, 3993.98, 2300115, 28, 108025, 0
584, 2352, 7, 8, 0, 0, 21.05%, 5, 0, 1, 4081.84, 2321147, 28, 108950, 0
589, 2371, 1, 8, 0, 0, 21.05%, 5, 0, 1, 3593.33, 2339588, 28, 109825, 0
594, 2387, 0, 8, 0, 0, 21.05%, 5, 0, 1, 3330.91, 2356315, 28, 110789, 0
599, 2406, 7, 8, 0, 0, 21.05%, 5, 0, 1, 3803.58, 2374736, 28, 111712, 0
604, 2428, 7, 8, 0, 0, 21.05%, 5, 0, 1, 4062.46, 2396198, 28, 112824, 0
609, 2447, 0, 8, 0, 0, 21.05%, 5, 0, 1, 3637.39, 2413665, 28, 113731, 0
614, 2467, 7, 8, 0, 0, 21.05%, 5, 0, 1, 3598.99, 2431815, 28, 114604, 0
619, 2486, 7, 8, 0, 0, 21.05%, 5, 0, 1, 3818.27, 2450742, 28, 115477, 0
624, 2502, 1, 8, 0, 0, 21.05%, 5, 0, 1, 3254.42, 2466431, 28, 116263, 0
629, 2519, 4, 8, 0, 0, 21.05%, 5, 0, 1, 3216.60, 2483042, 28, 117061, 0
634, 2536, 1, 8, 0, 0, 21.05%, 5, 0, 1, 3068.21, 2499327, 28, 117916, 0
639, 2550, 7, 8, 0, 0, 21.05%, 5, 0, 1, 2904.92, 2513165, 28, 118668, 0
645, 2566, 7, 8, 0, 0, 21.05%, 5, 0, 1, 3098.37, 2529076, 28, 119496, 0
650, 2579, 4, 8, 0, 0, 21.05%, 5, 0, 1, 2910.59, 2542930, 28, 120213, 0
655, 2594, 4, 8, 0, 0, 21.05%, 5, 0, 1, 2790.10, 2557476, 28, 120974, 0
660, 2608, 7, 8, 0, 0, 21.05%, 5, 0, 1, 2922.11, 2571715, 28, 121733, 0
665, 2625, 4, 8, 0, 0, 21.05%, 5, 0, 1, 3225.07, 2587829, 28, 122612, 0
670, 2638, 4, 8, 0, 0, 21.05%, 5, 0, 1, 2539.12, 2600917, 28, 123232, 0
675, 2650, 4, 8, 0, 0, 21.05%, 5, 0, 1, 2422.52, 2613264, 28, 123866, 0
680, 2668, 6, 8, 0, 0, 21.05%, 5, 0, 1, 3321.38, 2630830, 28, 124670, 0
685, 2686, 1, 8, 0, 0, 21.05%, 5, 0, 1, 3443.03, 2647982, 28, 125608, 0
690, 2706, 1, 8, 0, 0, 21.05%, 5, 0, 1, 3815.81, 2667715, 28, 126519, 0
695, 2724, 4, 8, 0, 0, 21.05%, 5, 0, 1, 3761.29, 2685741, 28, 127410, 0
700, 2745, 4, 8, 0, 0, 21.05%, 5, 0, 1, 4018.07, 2706295, 28, 128514, 0
705, 2765, 7, 8, 0, 0, 21.05%, 5, 0, 1, 4032.01, 2726296, 28, 129548, 0
710, 2788, 7, 8, 0, 0, 21.05%, 5, 0, 1, 4394.74, 2749404, 28, 130615, 0
715, 2810, 4, 8, 0, 0, 21.05%, 5, 0, 1, 4220.23, 2770415, 28, 131698, 0
721, 2831, 7, 8, 0, 0, 21.05%, 5, 0, 1, 4233.59, 2791399, 28, 132829, 0
726, 2851, 0, 8, 0, 0, 21.05%, 5, 0, 1, 3935.02, 2811015, 28, 133909, 0
731, 2873, 0, 8, 0, 0, 21.05%, 5, 0, 1, 4317.67, 2833115, 28, 134990, 0
736, 2895, 7, 8, 0, 0, 21.05%, 5, 0, 1, 4227.89, 2853950, 28, 136124, 0
741, 2916, 7, 8, 0, 0, 21.05%, 5, 0, 1, 4219.29, 2875000, 28, 137248, 0
746, 2938, 1, 8, 0, 0, 21.05%, 5, 0, 1, 4223.77, 2896200, 28, 138351, 0
751, 2961, 7, 8, 0, 0, 21.05%, 5, 0, 1, 4270.63, 2918550, 28, 139433, 0
756, 2986, 7, 8, 0, 0, 21.05%, 5, 0, 1, 4540.00, 2942707, 28, 140521, 0
761, 3007, 7, 8, 0, 0, 21.05%, 5, 0, 1, 4237.71, 2964102, 28, 141603, 0
766, 3023, 6, 8, 0, 0, 21.05%, 5, 0, 1, 3558.06, 2980537, 28, 142277, 0
771, 3039, 7, 8, 0, 0, 21.05%, 5, 0, 1, 3143.97, 2995078, 28, 143059, 0
776, 3053, 7, 8, 0, 0, 21.05%, 5, 0, 1, 3175.95, 3009865, 28, 143863, 0
781, 3072, 6, 8, 0, 0, 21.05%, 5, 0, 1, 3389.54, 3027615, 28, 144709, 0
786, 3086, 7, 8, 0, 0, 21.05%, 5, 0, 1, 3061.58, 3041929, 28, 145523, 0
791, 3102, 1, 8, 0, 0, 21.05%, 5, 0, 1, 3157.36, 3057979, 28, 146272, 0
797, 3118, 7, 8, 0, 0, 21.05%, 5, 0, 1, 3009.30, 3073665, 28, 147053, 0
802, 3134, 4, 8, 0, 0, 21.05%, 5, 0, 1, 3150.95, 3089892, 28, 147877, 0
807, 3151, 0, 8, 0, 0, 21.05%, 5, 0, 1, 3207.53, 3105915, 28, 148696, 0
812, 3168, 1, 8, 0, 0, 21.05%, 5, 0, 1, 3544.52, 3123665, 28, 149442, 0
817, 3187, 0, 8, 0, 0, 21.05%, 5, 0, 1, 3631.39, 3142915, 28, 150417, 0
822, 3204, 7, 8, 0, 0, 21.05%, 5, 0, 1, 3374.16, 3159432, 28, 151234, 0
827, 3215, 0, 8, 0, 0, 21.05%, 5, 0, 1, 2201.32, 3169961, 28, 151696, 0
832, 3227, 6, 8, 0, 0, 21.05%, 5, 0, 1, 2376.19, 3182265, 28, 152396, 0
837, 3236, 4, 8, 0, 0, 21.05%, 5, 0, 1, 1805.25, 3190302, 28, 152803, 0
842, 3254, 4, 8, 0, 0, 21.05%, 5, 0, 1, 3347.22, 3208144, 28, 153694, 0
848, 3274, 4, 8, 0, 0, 21.05%, 5, 0, 1, 3638.80, 3228440, 28, 154668, 0
853, 3289, 1, 8, 0, 0, 21.05%, 5, 0, 1, 3155.66, 3243129, 28, 155527, 0
858, 3305, 1, 8, 0, 0, 21.05%, 5, 0, 1, 2957.01, 3258275, 28, 156300, 0
863, 3321, 4, 8, 0, 0, 21.05%, 5, 0, 1, 3100.79, 3274638, 28, 157179, 0
868, 3337, 6, 8, 0, 0, 21.05%, 5, 0, 1, 3231.21, 3290630, 28, 158021, 0
873, 3354, 4, 8, 0, 0, 21.05%, 5, 0, 1, 3571.01, 3308260, 28, 158894, 0
878, 3372, 7, 8, 0, 0, 21.05%, 5, 0, 1, 3454.53, 3325615, 28, 159688, 0
883, 3386, 6, 8, 0, 0, 21.05%, 5, 0, 1, 2931.13, 3339465, 28, 160469, 0
888, 3402, 6, 8, 0, 0, 21.05%, 5, 0, 1, 3028.09, 3355226, 28, 161400, 0
893, 3417, 0, 8, 0, 0, 21.05%, 5, 0, 1, 3055.95, 3370165, 28, 162164, 0
898, 3435, 1, 8, 0, 0, 21.05%, 5, 0, 1, 3400.40, 3388665, 28, 163008, 0
903, 3452, 4, 8, 0, 0, 21.05%, 5, 0, 1, 3264.73, 3404846, 28, 163867, 0
908, 3469, 4, 8, 0, 0, 21.05%, 5, 0, 1, 3396.79, 3422300, 28, 164650, 0
913, 3487, 7, 8, 0, 0, 21.05%, 5, 0, 1, 3529.52, 3440087, 28, 165512, 0
919, 3505, 1, 8, 0, 0, 21.05%, 5, 0, 1, 3514.58, 3458085, 28, 166316, 0
924, 3522, 1, 8, 0, 0, 21.05%, 5, 0, 1, 3273.89, 3474965, 28, 167160, 0
929, 3540, 1, 8, 0, 0, 21.05%, 5, 0, 1, 3425.97, 3492565, 28, 168008, 0
934, 3556, 7, 8, 0, 0, 21.05%, 5, 0, 1, 3081.21, 3508127, 28, 168894, 0
939, 3573, 0, 8, 0, 0, 21.05%, 5, 0, 1, 3537.42, 3526015, 28, 169807, 0
944, 3591, 1, 8, 0, 0, 21.05%, 5, 0, 1, 3294.81, 3543082, 28, 170658, 0
949, 3607, 4, 8, 0, 0, 21.05%, 5, 0, 1, 3155.66, 3559340, 28, 171505, 0
954, 3625, 4, 8, 0, 0, 21.05%, 5, 0, 1, 3287.71, 3576331, 28, 172398, 0
959, 3640, 1, 8, 0, 0, 21.05%, 5, 0, 1, 3015.05, 3591627, 28, 173245, 0
964, 3656, 7, 8, 0, 0, 21.05%, 5, 0, 1, 3210.33, 3607179, 28, 174103, 0
969, 3675, 7, 8, 0, 0, 21.05%, 5, 0, 1, 3356.45, 3624615, 28, 174993, 0
974, 3694, 6, 8, 0, 0, 21.05%, 5, 0, 1, 3481.32, 3643165, 28, 175819, 0
980, 3713, 7, 8, 0, 0, 21.05%, 5, 0, 1, 3685.58, 3662165, 28, 176783, 0
985, 3732, 0, 8, 0, 0, 21.05%, 5, 0, 1, 3599.93, 3681015, 28, 177822, 0
990, 3749, 1, 8, 0, 0, 21.05%, 5, 0, 1, 3248.52, 3697331, 28, 178680, 0
995, 3765, 7, 8, 0, 0, 21.05%, 5, 0, 1, 3189.79, 3713080, 28, 179542, 0
1000, 3782, 6, 8, 0, 0, 21.05%, 5, 0, 1, 3152.64, 3729080, 28, 180385, 0
1005, 3796, 7, 8, 0, 0, 21.05%, 5, 0, 1, 3072.03, 3744229, 28, 181195, 0
1010, 3811, 6, 8, 0, 0, 21.05%, 5, 0, 1, 3009.10, 3758825, 28, 182086, 0
1015, 3828, 7, 8, 0, 0, 21.05%, 5, 0, 1, 3229.22, 3775478, 28, 183035, 0
1020, 3844, 7, 8, 0, 0, 21.05%, 5, 0, 1, 3099.79, 3791429, 28, 184012, 0
1025, 3859, 4, 8, 0, 0, 21.05%, 5, 0, 1, 3013.48, 3806786, 28, 184903, 0
1030, 3876, 7, 8, 0, 0, 21.05%, 5, 0, 1, 3258.34, 3823229, 28, 185833, 0
1035, 3893, 4, 8, 0, 0, 21.05%, 5, 0, 1, 3190.82, 3839090, 28, 186703, 0
1040, 3911, 1, 8, 0, 0, 21.05%, 5, 0, 1, 3339.98, 3856915, 28, 187680, 0
1045, 3929, 1, 8, 0, 0, 21.05%, 5, 0, 1, 3168.43, 3873730, 28, 188540, 0
1051, 3945, 4, 8, 0, 0, 21.05%, 5, 0, 1, 3253.71, 3889930, 28, 189538, 0
1056, 3965, 1, 8, 0, 0, 21.05%, 5, 0, 1, 3642.24, 3909289, 28, 190639, 0
1061, 3983, 7, 8, 0, 0, 21.05%, 5, 0, 1, 3589.60, 3927288, 28, 191655, 0
1066, 4002, 6, 8, 0, 0, 21.05%, 5, 0, 1, 3681.32, 3945965, 28, 192730, 0
1071, 4020, 7, 8, 0, 0, 21.05%, 5, 0, 1, 3313.60, 3962665, 28, 193569, 0
1076, 4036, 7, 8, 0, 0, 21.05%, 5, 0, 1, 3175.30, 3978528, 28, 194387, 0
1081, 4053, 6, 8, 0, 0, 21.05%, 5, 0, 1, 3312.74, 3995182, 28, 195274, 0
1086, 4067, 1, 8, 0, 0, 21.05%, 5, 0, 1, 2928.19, 4010365, 28, 196079, 0
1091, 4083, 0, 8, 0, 0, 21.05%, 5, 0, 1, 3089.50, 4026715, 28, 196872, 0
1096, 4099, 1, 8, 0, 0, 21.05%, 5, 0, 1, 2970.07, 4042765, 28, 197784, 0
1102, 4113, 4, 8, 0, 0, 21.05%, 5, 0, 1, 2765.27, 4056924, 28, 198623, 0
1107, 4128, 1, 8, 0, 0, 21.05%, 5, 0, 1, 2837.80, 4072072, 28, 199487, 0
1112, 4146, 0, 8, 0, 0, 21.05%, 5, 0, 1, 3299.02, 4088865, 28, 200282, 0
1117, 4162, 1, 8, 0, 0, 21.05%, 5, 0, 1, 3257.31, 4104715, 28, 201107, 0
1122, 4179, 4, 8, 0, 0, 21.05%, 5, 0, 1, 3266.94, 4120890, 28, 201912, 0
1127, 4193, 4, 8, 0, 0, 21.05%, 5, 0, 1, 2919.19, 4135774, 28, 202719, 0
1132, 4208, 1, 8, 0, 0, 21.05%, 5, 0, 1, 2990.48, 4151175, 28, 203607, 0
1137, 4224, 7, 8, 0, 0, 21.05%, 5, 0, 1, 2950.02, 4166174, 28, 204447, 0
1143, 4239, 7, 8, 0, 0, 21.05%, 5, 0, 1, 3190.35, 4182415, 28, 205251, 0
1148, 4254, 4, 8, 0, 0, 21.05%, 5, 0, 1, 2950.34, 4196723, 28, 205978, 0
1153, 4268, 0, 8, 0, 0, 21.05%, 5, 0, 1, 2689.52, 4210865, 28, 206805, 0
1158, 4283, 1, 8, 0, 0, 21.05%, 5, 0, 1, 2815.79, 4225372, 28, 207583, 0
1163, 4297, 7, 8, 0, 0, 21.05%, 5, 0, 1, 2849.44, 4239622, 28, 208326, 0
1168, 4314, 7, 8, 0, 0, 21.05%, 5, 0, 1, 3206.84, 4256715, 28, 209202, 0
1173, 4329, 7, 8, 0, 0, 21.05%, 5, 0, 1, 2932.46, 4271374, 28, 210014, 0
1178, 4344, 1, 8, 0, 0, 21.05%, 5, 0, 1, 2847.82, 4285623, 28, 210811, 0
1183, 4355, 1, 8, 0, 0, 21.05%, 5, 0, 1, 2238.57, 4296515, 28, 211492, 0
1188, 4373, 7, 8, 0, 0, 21.05%, 5, 0, 1, 3174.98, 4313915, 28, 212465, 0
1194, 4389, 7, 8, 0, 0, 21.05%, 5, 0, 1, 3160.97, 4328979, 28, 213289, 0
1199, 4407, 6, 8, 0, 0, 21.05%, 5, 0, 1, 3526.47, 4347415, 28, 214264, 0
1204, 4424, 1, 8, 0, 0, 21.05%, 5, 0, 1, 3203.50, 4363332, 28, 215051, 0
1209, 4439, 1, 8, 0, 0, 21.05%, 5, 0, 1, 3118.21, 4378365, 28, 215869, 0
1214, 4455, 4, 8, 0, 0, 21.05%, 5, 0, 1, 3062.70, 4394240, 28, 216688, 0
1219, 4470, 1, 8, 0, 0, 21.05%, 5, 0, 1, 2982.46, 4409265, 28, 217553, 0
1224, 4485, 7, 8, 0, 0, 21.05%, 5, 0, 1, 2696.92, 4423515, 28, 218330, 0
1229, 4500, 7, 8, 0, 0, 21.05%, 5, 0, 1, 2794.89, 4437572, 28, 219105, 0
1234, 4516, 1, 8, 0, 0, 21.05%, 5, 0, 1, 3040.57, 4453427, 28, 219932, 0
1239, 4530, 0, 8, 0, 0, 21.05%, 5, 0, 1, 2932.81, 4467665, 28, 220762, 0
1244, 4547, 6, 8, 0, 0, 21.05%, 5, 0, 1, 3286.86, 4484531, 28, 221633, 0
1249, 4565, 4, 8, 0, 0, 21.05%, 5, 0, 1, 3426.24, 4502135, 28, 222541, 0
1254, 4582, 7, 8, 0, 0, 21.05%, 5, 0, 1, 3612.34, 4520065, 28, 223458, 0
1259, 4597, 1, 8, 0, 0, 21.05%, 5, 0, 1, 2877.41, 4534875, 28, 224311, 0
1264, 4611, 4, 8, 0, 0, 21.05%, 5, 0, 1, 2789.46, 4549128, 28, 225027, 0
1270, 4625, 7, 8, 0, 0, 21.05%, 5, 0, 1, 2761.89, 4562070, 28, 225741, 0
1275, 4641, 1, 8, 0, 0, 21.05%, 5, 0, 1, 2939.01, 4577475, 28, 226577, 0
1280, 4658, 7, 8, 0, 0, 21.05%, 5, 0, 1, 3056.88, 4593977, 28, 227356, 0
1285, 4674, 4, 8, 0, 0, 21.05%, 5, 0, 1, 3167.86, 4609842, 28, 228191, 0
1290, 4689, 0, 8, 0, 0, 21.05%, 5, 0, 1, 2845.70, 4624315, 28, 228956, 0
1295, 4703, 7, 8, 0, 0, 21.05%, 5, 0, 1, 2908.72, 4638465, 28, 229764, 0
1300, 4717, 6, 8, 0, 0, 21.05%, 5, 0, 1, 2679.01, 4652515, 28, 230537, 0
1305, 4733, 4, 8, 0, 0, 21.05%, 5, 0, 1, 3063.96, 4667765, 28, 231359, 0
1310, 4747, 7, 8, 0, 0, 21.05%, 5, 0, 1, 2877.75, 4682474, 28, 232218, 0
1315, 4763, 7, 8, 0, 0, 21.05%, 5, 0, 1, 2857.95, 4697023, 28, 233030, 0
1320, 4778, 6, 8, 0, 0, 21.05%, 5, 0, 1, 3077.07, 4712028, 28, 233881, 0
1325, 4795, 4, 8, 0, 0, 21.05%, 5, 0, 1, 3225.31, 4728880, 28, 234825, 0
1330, 4811, 1, 8, 0, 0, 21.05%, 5, 0, 1, 3167.27, 4745315, 28, 235702, 0
1336, 4826, 1, 8, 0, 0, 21.05%, 5, 0, 1, 2681.40, 4759415, 28, 236578, 0
1341, 4840, 1, 8, 0, 0, 21.05%, 5, 0, 1, 2688.42, 4773268, 28, 237425, 0
1346, 4856, 4, 8, 0, 0, 21.05%, 5, 0, 1, 3086.21, 4789027, 28, 238317, 0
1351, 4873, 4, 8, 0, 0, 21.05%, 5, 0, 1, 3163.26, 4805440, 28, 239104, 0
1356, 4888, 4, 8, 0, 0, 21.05%, 5, 0, 1, 3127.47, 4820878, 28, 239804, 0
1361, 4905, 6, 8, 0, 0, 21.05%, 5, 0, 1, 3516.18, 4837985, 28, 240733, 0
1366, 4925, 6, 8, 0, 0, 21.05%, 5, 0, 1, 3754.90, 4857390, 28, 241802, 0
1371, 4944, 4, 8, 0, 0, 21.05%, 5, 0, 1, 3993.69, 4877146, 28, 242831, 0
1376, 4965, 7, 8, 0, 0, 21.05%, 5, 0, 1, 3888.61, 4896543, 28, 243973, 0
1381, 4987, 6, 8, 0, 0, 21.05%, 5, 0, 1, 4043.83, 4917496, 28, 245110, 0
1386, 5006, 1, 8, 0, 0, 21.05%, 5, 0, 1, 3938.44, 4936794, 28, 246214, 0
1391, 5024, 1, 8, 0, 0, 21.05%, 5, 0, 1, 3646.13, 4954838, 28, 247240, 0
1397, 5044, 1, 8, 0, 0, 21.05%, 5, 0, 1, 3814.50, 4974765, 28, 248358, 0
1402, 5064, 4, 8, 0, 0, 21.05%, 5, 0, 1, 3671.19, 4993739, 28, 249491, 0
1407, 5085, 6, 8, 0, 0, 21.05%, 5, 0, 1, 4036.64, 5014697, 28, 250640, 0
1412, 5106, 7, 8, 0, 0, 21.05%, 5, 0, 1, 3994.81, 5034795, 28, 251700, 0
1417, 5126, 6, 8, 0, 0, 21.05%, 5, 0, 1, 3980.03, 5055165, 28, 252808, 0
1422, 5147, 7, 8, 0, 0, 21.05%, 5, 0, 1, 4040.01, 5076297, 28, 253994, 0
1427, 5167, 6, 8, 0, 0, 21.05%, 5, 0, 1, 3964.66, 5096293, 28, 255087, 0
1432, 5187, 7, 8, 0, 0, 21.05%, 5, 0, 1, 3879.87, 5115493, 28, 256151, 0
1437, 5203, 4, 8, 0, 0, 21.05%, 5, 0, 1, 3235.15, 5131265, 28, 257096, 0
1442, 5221, 7, 8, 0, 0, 21.05%, 5, 0, 1, 3348.09, 5148683, 28, 257988, 0
1447, 5237, 7, 8, 0, 0, 21.05%, 5, 0, 1, 3068.78, 5164065, 28, 258900, 0
1452, 5253, 4, 8, 0, 0, 21.05%, 5, 0, 1, 3040.33, 5179465, 28, 259844, 0
1458, 5273, 7, 8, 0, 0, 21.05%, 5, 0, 1, 3765.19, 5199590, 28, 260952, 0
1463, 5293, 7, 8, 0, 0, 21.05%, 5, 0, 1, 3940.68, 5219943, 28, 262143, 0
1468, 5316, 4, 8, 0, 0, 21.05%, 5, 0, 1, 4244.83, 5242315, 28, 263313, 0
1473, 5333, 1, 8, 0, 0, 21.05%, 5, 0, 1, 3516.14, 5259937, 28, 264371, 0
1478, 5353, 4, 8, 0, 0, 21.05%, 5, 0, 1, 3761.07, 5278714, 28, 265438, 0
1483, 5372, 7, 8, 0, 0, 21.05%, 5, 0, 1, 3927.54, 5298793, 28, 266497, 0
1488, 5392, 7, 8, 0, 0, 21.05%, 5, 0, 1, 3856.23, 5318393, 28, 267620, 0
1493, 5413, 0, 8, 0, 0, 21.05%, 5, 0, 1, 4163.39, 5339115, 28, 268734, 0
1498, 5432, 4, 8, 0, 0, 21.05%, 5, 0, 1, 3939.24, 5358515, 28, 269892, 0
1503, 5453, 4, 8, 0, 0, 21.05%, 5, 0, 1, 3987.46, 5378745, 28, 270963, 0
1508, 5473, 0, 8, 0, 0, 21.05%, 5, 0, 1, 3711.57, 5397315, 28, 272130, 0
1513, 5493, 4, 8, 0, 0, 21.05%, 5, 0, 1, 3976.89, 5417465, 28, 273270, 0
1519, 5510, 4, 8, 0, 0, 21.05%, 5, 0, 1, 3422.47, 5434985, 28, 274242, 0
1524, 5531, 6, 8, 0, 0, 21.05%, 5, 0, 1, 3921.85, 5455594, 28, 275401, 0
1529, 5551, 1, 8, 0, 0, 21.05%, 5, 0, 1, 3801.05, 5475293, 28, 276504, 0
1534, 5571, 4, 8, 0, 0, 21.05%, 5, 0, 1, 3838.92, 5495015, 28, 277597, 0
1539, 5590, 1, 8, 0, 0, 21.05%, 5, 0, 1, 3808.96, 5514193, 28, 278705, 0
1544, 5605, 0, 8, 0, 0, 21.05%, 5, 0, 1, 3037.43, 5529015, 28, 279511, 0
1549, 5621, 4, 8, 0, 0, 21.05%, 5, 0, 1, 2788.84, 5544078, 28, 280350, 0
1554, 5639, 4, 8, 0, 0, 21.05%, 5, 0, 1, 3283.19, 5561382, 28, 281287, 0
1559, 5656, 6, 8, 0, 0, 21.05%, 5, 0, 1, 3348.41, 5577831, 28, 282135, 0
1564, 5671, 4, 8, 0, 0, 21.05%, 5, 0, 1, 2973.28, 5593138, 28, 283002, 0
1569, 5677, 7, 8, 0, 0, 21.05%, 5, 0, 1, 1738.75, 5599465, 28, 283417, 0
1574, 5687, 4, 8, 0, 0, 21.05%, 5, 0, 1, 1797.67, 5608732, 28, 283936, 0
1580, 5695, 4, 8, 0, 0, 21.05%, 5, 0, 1, 1586.14, 5616746, 28, 284415, 0
1585, 5713, 6, 8, 0, 0, 21.05%, 5, 0, 1, 3075.30, 5634676, 28, 285415, 0
1590, 5727, 1, 8, 0, 0, 21.05%, 5, 0, 1, 2719.07, 5648169, 28, 286167, 0
1595, 5744, 1, 8, 0, 0, 21.05%, 5, 0, 1, 3004.41, 5664326, 28, 287023, 0
1600, 5759, 1, 8, 0, 0, 21.05%, 5, 0, 1, 2826.49, 5678423, 28, 287855, 0
1605, 5775, 6, 8, 0, 0, 21.05%, 5, 0, 1, 3025.44, 5694877, 28, 288689, 0
1610, 5790, 1, 8, 0, 0, 21.05%, 5, 0, 1, 2916.20, 5709123, 28, 289440, 0
1615, 5806, 7, 8, 0, 0, 21.05%, 5, 0, 1, 2956.89, 5724375, 28, 290320, 0
1620, 5824, 4, 8, 0, 0, 21.05%, 5, 0, 1, 3221.90, 5741894, 28, 291262, 0
1625, 5838, 6, 8, 0, 0, 21.05%, 5, 0, 1, 2860.16, 5755465, 28, 292034, 0
1630, 5855, 4, 8, 0, 0, 21.05%, 5, 0, 1, 3374.05, 5772915, 28, 292935, 0
1636, 5874, 0, 8, 0, 0, 21.05%, 5, 0, 1, 3231.09, 5790465, 28, 293791, 0
1641, 5888, 1, 8, 0, 0, 21.05%, 5, 0, 1, 3020.59, 5804515, 28, 294602, 0
1646, 5903, 7, 8, 0, 0, 21.05%, 5, 0, 1, 2891.94, 5819265, 28, 295470, 0
1651, 5919, 4, 8, 0, 0, 21.05%, 5, 0, 1, 2999.34, 5834084, 28, 296289, 0
1656, 5934, 7, 8, 0, 0, 21.05%, 5, 0, 1, 2852.27, 5848965, 28, 297126, 0
1661, 5952, 4, 8, 0, 0, 21.05%, 5, 0, 1, 3421.41, 5866550, 28, 297946, 0
1666, 5968, 7, 8, 0, 0, 21.05%, 5, 0, 1, 3162.83, 5881915, 28, 298839, 0
1671, 5983, 4, 8, 0, 0, 21.05%, 5, 0, 1, 3100.72, 5896977, 28, 299647, 0
1676, 6000, 7, 8, 0, 0, 21.05%, 5, 0, 1, 3174.52, 5913329, 28, 300468, 0
1681, 6010, 6, 8, 0, 0, 21.05%, 5, 0, 1, 2133.01, 5923250, 28, 301061, 0
1687, 6026, 4, 8, 0, 0, 21.05%, 5, 0, 1, 2853.29, 5939773, 28, 301926, 0
1692, 6044, 1, 8, 0, 0, 21.05%, 5, 0, 1, 3386.41, 5957515, 28, 302880, 0
1697, 6061, 4, 8, 0, 0, 21.05%, 5, 0, 1, 3318.85, 5974865, 28, 303769, 0
1702, 6077, 1, 8, 0, 0, 21.05%, 5, 0, 1, 3218.88, 5990930, 28, 304669, 0
1707, 6094, 7, 8, 0, 0, 21.05%, 5, 0, 1, 3216.95, 6007515, 28, 305546, 0
1712, 6108, 7, 8, 0, 0, 21.05%, 5, 0, 1, 2907.74, 6021565, 28, 306313, 0
1717, 6126, 0, 8, 0, 0, 21.05%, 5, 0, 1, 3173.46, 6038365, 28, 307179, 0
1722, 6141, 6, 8, 0, 0, 21.05%, 5, 0, 1, 3155.82, 6053528, 28, 308039, 0
1727, 6159, 4, 8, 0, 0, 21.05%, 5, 0, 1, 3385.83, 6070950, 28, 309022, 0
1732, 6174, 4, 8, 0, 0, 21.05%, 5, 0, 1, 3206.64, 6086279, 28, 309837, 0
1737, 6193, 7, 8, 0, 0, 21.05%, 5, 0, 1, 3408.51, 6104884, 28, 310709, 0
1742, 6211, 1, 8, 0, 0, 21.05%, 5, 0, 1, 3275.74, 6121265, 28, 311639, 0
1747, 6227, 1, 8, 0, 0, 21.05%, 5, 0, 1, 3289.65, 6137732, 28, 312539, 0
1753, 6245, 7, 8, 0, 0, 21.05%, 5, 0, 1, 3405.06, 6155533, 28, 313349, 0
1758, 6263, 1, 8, 0, 0, 21.05%, 5, 0, 1, 3417.11, 6172883, 28, 314395, 0
1763, 6285, 1, 8, 0, 0, 21.05%, 5, 0, 1, 3934.52, 6194345, 28, 315480, 0
1768, 6305, 6, 8, 0, 0, 21.05%, 5, 0, 1, 3988.12, 6213595, 28, 316560, 0
1773, 6324, 0, 8, 0, 0, 21.05%, 5, 0, 1, 3887.24, 6233415, 28, 317718, 0
1778, 6343, 7, 8, 0, 0, 21.05%, 5, 0, 1, 3805.61, 6252142, 28, 318741, 0
1783, 6362, 4, 8, 0, 0, 21.05%, 5, 0, 1, 3624.08, 6270315, 28, 319889, 0
1788, 6382, 4, 8, 0, 0, 21.05%, 5, 0, 1, 3608.61, 6289058, 28, 320939, 0
1793, 6403, 7, 8, 0, 0, 21.05%, 5, 0, 1, 4003.67, 6310265, 28, 322013, 0
1798, 6423, 7, 8, 0, 0, 21.05%, 5, 0, 1, 3888.70, 6330365, 28, 323108, 0
1803, 6444, 1, 8, 0, 0, 21.05%, 5, 0, 1, 3954.83, 6350846, 28, 324165, 0
1808, 6464, 4, 8, 0, 0, 21.05%, 5, 0, 1, 4042.15, 6371248, 28, 325185, 0
1814, 6480, 1, 8, 0, 0, 21.05%, 5, 0, 1, 3319.74, 6387283, 28, 326009, 0
1819, 6497, 4, 8, 0, 0, 21.05%, 5, 0, 1, 3144.06, 6402965, 28, 326818, 0
1824, 6509, 4, 8, 0, 0, 21.05%, 5, 0, 1, 2418.19, 6414963, 28, 327475, 0
1829, 6524, 7, 8, 0, 0, 21.05%, 5, 0, 1, 3090.13, 6430728, 28, 328306, 0
1834, 6540, 6, 8, 0, 0, 21.05%, 5, 0, 1, 3087.55, 6445415, 28, 329091, 0
1839, 6556, 4, 8, 0, 0, 21.05%, 5, 0, 1, 3185.18, 6461879, 28, 329972, 0
1844, 6568, 4, 8, 0, 0, 21.05%, 5, 0, 1, 2582.65, 6474316, 28, 330663, 0
1849, 6585, 7, 8, 0, 0, 21.05%, 5, 0, 1, 3122.26, 6490365, 28, 331574, 0
1854, 6602, 6, 8, 0, 0, 21.05%, 5, 0, 1, 3200.20, 6506679, 28, 332408, 0
1859, 6618, 6, 8, 0, 0, 21.05%, 5, 0, 1, 3168.32, 6522115, 28, 333320, 0
1864, 6634, 4, 8, 0, 0, 21.05%, 5, 0, 1, 3137.99, 6538080, 28, 334152, 0
1870, 6651, 0, 8, 0, 0, 21.05%, 5, 0, 1, 3161.42, 6554415, 28, 334990, 0
1875, 6665, 6, 8, 0, 0, 21.05%, 5, 0, 1, 3092.98, 6568965, 28, 335818, 0
1880, 6683, 6, 8, 0, 0, 21.05%, 5, 0, 1, 3286.93, 6585682, 28, 336749, 0
1885, 6700, 7, 8, 0, 0, 21.05%, 5, 0, 1, 3314.91, 6602232, 28, 337639, 0
1890, 6717, 1, 8, 0, 0, 21.05%, 5, 0, 1, 3416.60, 6619783, 28, 338557, 0
1895, 6736, 4, 8, 0, 0, 21.05%, 5, 0, 1, 3524.92, 6637656, 28, 339502, 0
1900, 6754, 0, 8, 0, 0, 21.05%, 5, 0, 1, 3714.51, 6655565, 28, 340494, 0
1905, 6772, 4, 8, 0, 0, 21.05%, 5, 0, 1, 3509.44, 6672954, 28, 341457, 0
1910, 6786, 1, 8, 0, 0, 21.05%, 5, 0, 1, 2983.66, 6687375, 28, 342302, 0
1915, 6808, 1, 8, 0, 0, 21.05%, 5, 0, 1, 3564.01, 6707037, 28, 343423, 0
1920, 6823, 4, 8, 0, 0, 21.05%, 5, 0, 1, 3002.16, 6723115, 28, 344236, 0
1925, 6838, 6, 8, 0, 0, 21.05%, 5, 0, 1, 3030.29, 6738276, 28, 345058, 0
1930, 6855, 1, 8, 0, 0, 21.05%, 5, 0, 1, 3220.30, 6754630, 28, 345907, 0
1935, 6870, 4, 8, 0, 0, 21.05%, 5, 0, 1, 3045.88, 6770038, 28, 346814, 0
1940, 6887, 0, 8, 0, 0, 21.05%, 5, 0, 1, 3280.35, 6786965, 28, 347689, 0
1946, 6903, 0, 8, 0, 0, 21.05%, 5, 0, 1, 3048.76, 6802565, 28, 348617, 0
1951, 6921, 7, 8, 0, 0, 21.05%, 5, 0, 1, 3227.49, 6819181, 28, 349567, 0
1956, 6937, 6, 8, 0, 0, 21.05%, 5, 0, 1, 3086.09, 6834765, 28, 350580, 0
1961, 6953, 1, 8, 0, 0, 21.05%, 5, 0, 1, 3150.88, 6850328, 28, 351469, 0
1966, 6969, 0, 8, 0, 0, 21.05%, 5, 0, 1, 3203.69, 6867215, 28, 352422, 0
1971, 6987, 6, 8, 0, 0, 21.05%, 5, 0, 1, 3265.19, 6884032, 28, 353370, 0
1976, 7003, 1, 8, 0, 0, 21.05%, 5, 0, 1, 3270.12, 6900665, 28, 354364, 0
1981, 7021, 6, 8, 0, 0, 21.05%, 5, 0, 1, 3291.13, 6917682, 28, 355330, 0
1986, 7036, 7, 8, 0, 0, 21.05%, 5, 0, 1, 3116.28, 6933215, 28, 356250, 0
1992, 7053, 1, 8, 0, 0, 21.05%, 5, 0, 1, 3200.66, 6949431, 28, 357197, 0
1997, 7069, 7, 8, 0, 0, 21.05%, 5, 0, 1, 3154.03, 6965915, 28, 358084, 0
2002, 7085, 6, 8, 0, 0, 21.05%, 5, 0, 1, 3274.69, 6982431, 28, 358987, 0
2007, 7102, 7, 8, 0, 0, 21.05%, 5, 0, 1, 3250.91, 6998580, 28, 359857, 0
2012, 7118, 6, 8, 0, 0, 21.05%, 5, 0, 1, 3006.96, 7013765, 28, 360664, 0
2017, 7134, 0, 8, 0, 0, 21.05%, 5, 0, 1, 3231.05, 7029815, 28, 361557, 0
2022, 7148, 4, 8, 0, 0, 21.05%, 5, 0, 1, 2665.73, 7043169, 28, 362407, 0
2027, 7160, 7, 8, 0, 0, 21.05%, 5, 0, 1, 2360.64, 7055864, 28, 363047, 0
2032, 7169, 4, 8, 0, 0, 21.05%, 5, 0, 1, 1904.08, 7064977, 28, 363586, 0
2037, 7184, 6, 8, 0, 0, 21.05%, 5, 0, 1, 2686.42, 7078915, 28, 364308, 0
2042, 7198, 0, 8, 0, 0, 21.05%, 5, 0, 1, 2872.23, 7093865, 28, 365178, 0
2048, 7212, 0, 8, 0, 0, 21.05%, 5, 0, 1, 2781.58, 7107815, 28, 365919, 0
2053, 7225, 7, 8, 0, 0, 21.05%, 5, 0, 1, 2564.99, 7120415, 28, 366652, 0
2058, 7240, 1, 8, 0, 0, 21.05%, 5, 0, 1, 2735.71, 7135116, 28, 367429, 0
2063, 7255, 6, 8, 0, 0, 21.05%, 5, 0, 1, 2769.64, 7149471, 28, 368228, 0
2068, 7269, 1, 8, 0, 0, 21.05%, 5, 0, 1, 2557.34, 7162416, 28, 368885, 0
2073, 7284, 7, 8, 0, 0, 21.05%, 5, 0, 1, 2959.05, 7177565, 28, 369619, 0
2078, 7298, 1, 8, 0, 0, 21.05%, 5, 0, 1, 2778.62, 7190815, 28, 370352, 0
2083, 7309, 0, 8, 0, 0, 21.05%, 5, 0, 1, 2343.64, 7202810, 28, 371080, 0
2088, 7326, 0, 8, 0, 0, 21.05%, 5, 0, 1, 2845.29, 7218465, 28, 371924, 0
2093, 7339, 7, 8, 0, 0, 21.05%, 5, 0, 1, 2482.47, 7231116, 28, 372596, 0
2098, 7354, 4, 8, 0, 0, 21.05%, 5, 0, 1, 2781.27, 7245215, 28, 373401, 0
2104, 7368, 6, 8, 0, 0, 21.05%, 5, 0, 1, 2631.56, 7258567, 28, 374199, 0
2109, 7382, 1, 8, 0, 0, 21.05%, 5, 0, 1, 2845.12, 7273373, 28, 375084, 0
2114, 7396, 6, 8, 0, 0, 21.05%, 5, 0, 1, 2839.58, 7287366, 28, 375934, 0
2119, 7410, 1, 8, 0, 0, 21.05%, 5, 0, 1, 2765.31, 7301115, 28, 376660, 0
2124, 7424, 6, 8, 0, 0, 21.05%, 5, 0, 1, 2770.59, 7314970, 28, 377470, 0
2129, 7439, 4, 8, 0, 0, 21.05%, 5, 0, 1, 2876.67, 7329880, 28, 378297, 0
2134, 7454, 6, 8, 0, 0, 21.05%, 5, 0, 1, 2878.12, 7344522, 28, 379034, 0
2139, 7468, 4, 8, 0, 0, 21.05%, 5, 0, 1, 2989.99, 7359365, 28, 379861, 0
2144, 7484, 6, 8, 0, 0, 21.05%, 5, 0, 1, 3228.39, 7375080, 28, 380704, 0
2149, 7501, 7, 8, 0, 0, 21.05%, 5, 0, 1, 3123.97, 7391515, 28, 381544, 0
2154, 7516, 4, 8, 0, 0, 21.05%, 5, 0, 1, 3231.02, 7407094, 28, 382395, 0
2159, 7530, 1, 8, 0, 0, 21.05%, 5, 0, 1, 2916.20, 7421123, 28, 383246, 0
2164, 7544, 6, 8, 0, 0, 21.05%, 5, 0, 1, 3017.51, 7436376, 28, 384047, 0
2169, 7561, 7, 8, 0, 0, 21.05%, 5, 0, 1, 3076.37, 7451565, 28, 384960, 0
2174, 7575, 4, 8, 0, 0, 21.05%, 5, 0, 1, 2849.01, 7465372, 28, 385783, 0
2180, 7593, 6, 8, 0, 0, 21.05%, 5, 0, 1, 3242.11, 7482565, 28, 386600, 0
2185, 7609, 0, 8, 0, 0, 21.05%, 5, 0, 1, 3307.11, 7498315, 28, 387393, 0
2190, 7623, 6, 8, 0, 0, 21.05%, 5, 0, 1, 3014.48, 7512715, 28, 388261, 0
2195, 7639, 1, 8, 0, 0, 21.05%, 5, 0, 1, 2961.90, 7527915, 28, 389118, 0
2200, 7655, 0, 8, 0, 0, 21.05%, 5, 0, 1, 3221.12, 7544065, 28, 389918, 0
2205, 7670, 4, 8, 0, 0, 21.05%, 5, 0, 1, 3010.77, 7559215, 28, 390758, 0
2210, 7688, 4, 8, 0, 0, 21.05%, 5, 0, 1, 3184.75, 7576292, 28, 391637, 0
2215, 7704, 4, 8, 0, 0, 21.05%, 5, 0, 1, 3179.58, 7592780, 28, 392454, 0
2220, 7720, 4, 8, 0, 0, 21.05%, 5, 0, 1, 3087.17, 7608288, 28, 393285, 0
2225, 7736, 4, 8, 0, 0, 21.05%, 5, 0, 1, 3136.68, 7623828, 28, 394088, 0
2230, 7752, 6, 8, 0, 0, 21.05%, 5, 0, 1, 2929.05, 7638824, 28, 394902, 0
2236, 7770, 7, 8, 0, 0, 21.05%, 5, 0, 1, 3336.61, 7656283, 28, 395795, 0
2241, 7785, 7, 8, 0, 0, 21.05%, 5, 0, 1, 3133.06, 7671479, 28, 396619, 0
2246, 7803, 6, 8, 0, 0, 21.05%, 5, 0, 1, 3221.60, 7688331, 28, 397462, 0
2251, 7819, 7, 8, 0, 0, 21.05%, 5, 0, 1, 3197.81, 7704465, 28, 398293, 0
2256, 7835, 6, 8, 0, 0, 21.05%, 5, 0, 1, 3103.53, 7720265, 28, 399106, 0
2261, 7851, 6, 8, 0, 0, 21.05%, 5, 0, 1, 2997.85, 7736127, 28, 399942, 0
2266, 7867, 6, 8, 0, 0, 21.05%, 5, 0, 1, 3096.38, 7751715, 28, 400770, 0
2271, 7883, 7, 8, 0, 0, 21.05%, 5, 0, 1, 3070.54, 7767227, 28, 401591, 0
2276, 7899, 1, 8, 0, 0, 21.05%, 5, 0, 1, 3001.60, 7783365, 28, 402461, 0
2281, 7915, 7, 8, 0, 0, 21.05%, 5, 0, 1, 3095.71, 7799915, 28, 403347, 0
2287, 7930, 0, 8, 0, 0, 21.05%, 5, 0, 1, 2999.84, 7814415, 28, 404146, 0
2292, 7946, 1, 8, 0, 0, 21.05%, 5, 0, 1, 3004.24, 7829776, 28, 404978, 0
2297, 7963, 7, 8, 0, 0, 21.05%, 5, 0, 1, 3033.26, 7845527, 28, 405851, 0
2302, 7977, 6, 8, 0, 0, 21.05%, 5, 0, 1, 2822.15, 7859571, 28, 406756, 0
2307, 7991, 4, 8, 0, 0, 21.05%, 5, 0, 1, 2924.41, 7874382, 28, 407566, 0
2312, 8007, 0, 8, 0, 0, 21.05%, 5, 0, 1, 2943.16, 7889815, 28, 408470, 0
2317, 8023, 7, 8, 0, 0, 21.05%, 5, 0, 1, 3078.80, 7905727, 28, 409262, 0
2322, 8039, 6, 8, 0, 0, 21.05%, 5, 0, 1, 3021.69, 7921065, 28, 410091, 0
2327, 8053, 7, 8, 0, 0, 21.05%, 5, 0, 1, 2788.51, 7935115, 28, 410853, 0
2332, 8071, 7, 8, 0, 0, 21.05%, 5, 0, 1, 3219.86, 7952915, 28, 411756, 0
2337, 8087, 4, 8, 0, 0, 21.05%, 5, 0, 1, 3162.67, 7968390, 28, 412545, 0
2342, 8103, 6, 8, 0, 0, 21.05%, 5, 0, 1, 3114.98, 7984029, 28, 413424, 0
2347, 8119, 7, 8, 0, 0, 21.05%, 5, 0, 1, 3078.65, 7999678, 28, 414312, 0
2353, 8134, 6, 8, 0, 0, 21.05%, 5, 0, 1, 3135.95, 8014379, 28, 415084, 0
2358, 8148, 6, 8, 0, 0, 21.05%, 5, 0, 1, 2936.49, 8028615, 28, 415926, 0
2363, 8163, 6, 8, 0, 0, 21.05%, 5, 0, 1, 3058.21, 8044065, 28, 416745, 0
2368, 8179, 6, 8, 0, 0, 21.05%, 5, 0, 1, 2879.14, 8058423, 28, 417626, 0
2373, 8195, 6, 8, 0, 0, 21.05%, 5, 0, 1, 3028.92, 8074227, 28, 418504, 0
2378, 8211, 6, 8, 0, 0, 21.05%, 5, 0, 1, 3111.61, 8089879, 28, 419248, 0
2383, 8226, 0, 8, 0, 0, 21.05%, 5, 0, 1, 2914.53, 8104615, 28, 420053, 0
2388, 8240, 6, 8, 0, 0, 21.05%, 5, 0, 1, 2614.63, 8117668, 28, 420786, 0
2393, 8255, 7, 8, 0, 0, 21.05%, 5, 0, 1, 2919.85, 8133074, 28, 421594, 0
2398, 8271, 0, 8, 0, 0, 21.05%, 5, 0, 1, 3128.56, 8149315, 28, 422363, 0
2403, 8287, 0, 8, 0, 0, 21.05%, 5, 0, 1, 3027.49, 8164265, 28, 423185, 0
2408, 8303, 7, 8, 0, 0, 21.05%, 5, 0, 1, 3214.11, 8180579, 28, 424006, 0
2413, 8318, 1, 8, 0, 0, 21.05%, 5, 0, 1, 3038.05, 8195426, 28, 424740, 0
2418, 8333, 0, 8, 0, 0, 21.05%, 5, 0, 1, 2876.15, 8209765, 28, 425538, 0
2424, 8347, 7, 8, 0, 0, 21.05%, 5, 0, 1, 2712.93, 8223915, 28, 426361, 0
2429, 8361, 1, 8, 0, 0, 21.05%, 5, 0, 1, 2615.71, 8237468, 28, 427084, 0
2434, 8375, 7, 8, 0, 0, 21.05%, 5, 0, 1, 2955.90, 8252015, 28, 427833, 0
2439, 8389, 4, 8, 0, 0, 21.05%, 5, 0, 1, 2749.97, 8265721, 28, 428629, 0
2444, 8403, 0, 8, 0, 0, 21.05%, 5, 0, 1, 2631.18, 8279315, 28, 429420, 0
2449, 8419, 7, 8, 0, 0, 21.05%, 5, 0, 1, 2971.89, 8294424, 28, 430220, 0
2454, 8434, 7, 8, 0, 0, 21.05%, 5, 0, 1, 3083.23, 8309577, 28, 430959, 0
2459, 8449, 1, 8, 0, 0, 21.05%, 5, 0, 1, 2908.29, 8324065, 28, 431772, 0
2464, 8463, 4, 8, 0, 0, 21.05%, 5, 0, 1, 2939.49, 8338424, 28, 432561, 0
2469, 8478, 6, 8, 0, 0, 21.05%, 5, 0, 1, 2928.51, 8352615, 28, 433330, 0
2474, 8494, 1, 8, 0, 0, 21.05%, 5, 0, 1, 2988.09, 8368225, 28, 434171, 0
2479, 8509, 7, 8, 0, 0, 21.05%, 5, 0, 1, 2935.39, 8382724, 28, 435019, 0
2485, 8526, 6, 8, 0, 0, 21.05%, 5, 0, 1, 3260.03, 8399715, 28, 435802, 0
2490, 8541, 7, 8, 0, 0, 21.05%, 5, 0, 1, 3073.52, 8415026, 28, 436624, 0
2495, 8557, 7, 8, 0, 0, 21.05%, 5, 0, 1, 2969.97, 8430025, 28, 437496, 0
2500, 8573, 6, 8, 0, 0, 21.05%, 5, 0, 1, 3126.48, 8445765, 28, 438398, 0
2505, 8589, 6, 8, 0, 0, 21.05%, 5, 0, 1, 2896.93, 8460474, 28, 439179, 0
2510, 8603, 7, 8, 0, 0, 21.05%, 5, 0, 1, 2812.00, 8475022, 28, 440059, 0
2515, 8619, 1, 8, 0, 0, 21.05%, 5, 0, 1, 3240.45, 8491280, 28, 440931, 0
2520, 8634, 0, 8, 0, 0, 21.05%, 5, 0, 1, 3009.26, 8507415, 28, 441834, 0
2525, 8650, 4, 8, 0, 0, 21.05%, 5, 0, 1, 3088.91, 8523528, 28, 442679, 0
2531, 8664, 7, 8, 0, 0, 21.05%, 5, 0, 1, 2968.16, 8538576, 28, 443477, 0
2536, 8681, 7, 8, 0, 0, 21.05%, 5, 0, 1, 2880.45, 8553375, 28, 444344, 0
2541, 8695, 1, 8, 0, 0, 21.05%, 5, 0, 1, 2940.63, 8567515, 28, 445185, 0
2546, 8710, 0, 8, 0, 0, 21.05%, 5, 0, 1, 3051.73, 8582715, 28, 446037, 0
2551, 8724, 4, 8, 0, 0, 21.05%, 5, 0, 1, 2799.44, 8596815, 28, 446885, 0
2556, 8740, 4, 8, 0, 0, 21.05%, 5, 0, 1, 3102.79, 8612515, 28, 447773, 0
2561, 8755, 4, 8, 0, 0, 21.05%, 5, 0, 1, 3140.54, 8628165, 28, 448654, 0
2566, 8770, 0, 8, 0, 0, 21.05%, 5, 0, 1, 2992.72, 8643115, 28, 449545, 0
2571, 8785, 4, 8, 0, 0, 21.05%, 5, 0, 1, 3009.02, 8657975, 28, 450421, 0
2576, 8801, 0, 8, 0, 0, 21.05%, 5, 0, 1, 3123.97, 8674015, 28, 451266, 0
2581, 8818, 4, 8, 0, 0, 21.05%, 5, 0, 1, 3081.70, 8689665, 28, 452110, 0
2586, 8833, 1, 8, 0, 0, 21.05%, 5, 0, 1, 3006.80, 8704475, 28, 452966, 0
2591, 8848, 0, 8, 0, 0, 21.05%, 5, 0, 1, 2906.69, 8719265, 28, 453778, 0
2596, 8865, 0, 8, 0, 0, 21.05%, 5, 0, 1, 3127.22, 8735465, 28, 454599, 0
2601, 8880, 7, 8, 0, 0, 21.05%, 5, 0, 1, 3168.71, 8750678, 28, 455394, 0
2606, 8897, 7, 8, 0, 0, 21.05%, 5, 0, 1, 3137.80, 8766765, 28, 456282, 0
2612, 8912, 6, 8, 0, 0, 21.05%, 5, 0, 1, 2962.10, 8781615, 28, 457077, 0
2617, 8926, 6, 8, 0, 0, 21.05%, 5, 0, 1, 2810.50, 8795422, 28, 457849, 0
2622, 8943, 7, 8, 0, 0, 21.05%, 5, 0, 1, 3131.01, 8812478, 28, 458788, 0
2627, 8958, 1, 8, 0, 0, 21.05%, 5, 0, 1, 3009.04, 8827076, 28, 459570, 0
2632, 8973, 4, 8, 0, 0, 21.05%, 5, 0, 1, 2962.01, 8841365, 28, 460402, 0
2637, 8988, 7, 8, 0, 0, 21.05%, 5, 0, 1, 2976.69, 8856175, 28, 461222, 0
2642, 9001, 4, 8, 0, 0, 21.05%, 5, 0, 1, 2473.57, 8868610, 28, 461869, 0
2647, 9020, 7, 8, 0, 0, 21.05%, 5, 0, 1, 3419.54, 8887284, 28, 462943, 0
2652, 9035, 7, 8, 0, 0, 21.05%, 5, 0, 1, 3062.26, 8901975, 28, 463762, 0
2657, 9049, 1, 8, 0, 0, 21.05%, 5, 0, 1, 2793.05, 8915971, 28, 464582, 0
2662, 9064, 6, 8, 0, 0, 21.05%, 5, 0, 1, 2906.06, 8930665, 28, 465416, 0
2667, 9080, 4, 8, 0, 0, 21.05%, 5, 0, 1, 2850.81, 8945824, 28, 466304, 0
2673, 9094, 7, 8, 0, 0, 21.05%, 5, 0, 1, 2777.56, 8959821, 28, 467162, 0
2678, 9110, 4, 8, 0, 0, 21.05%, 5, 0, 1, 3063.36, 8975736, 28, 467976, 0
2683, 9127, 6, 8, 0, 0, 21.05%, 5, 0, 1, 3096.43, 8991065, 28, 468805, 0
2688, 9142, 7, 8, 0, 0, 21.05%, 5, 0, 1, 2805.21, 9005223, 28, 469629, 0
2693, 9159, 0, 8, 0, 0, 21.05%, 5, 0, 1, 3417.65, 9022615, 28, 470487, 0
2698, 9177, 4, 8, 0, 0, 21.05%, 5, 0, 1, 3254.41, 9039615, 28, 471445, 0
2703, 9192, 0, 8, 0, 0, 21.05%, 5, 0, 1, 2968.84, 9053865, 28, 472282, 0
2708, 9207, 6, 8, 0, 0, 21.05%, 5, 0, 1, 3053.22, 9068527, 28, 473103, 0
2713, 9222, 7, 8, 0, 0, 21.05%, 5, 0, 1, 3158.67, 9084029, 28, 473990, 0
2718, 9237, 6, 8, 0, 0, 21.05%, 5, 0, 1, 2978.31, 9099115, 28, 474918, 0
2723, 9253, 7, 8, 0, 0, 21.05%, 5, 0, 1, 3157.36, 9114978, 28, 475746, 0
2728, 9268, 7, 8, 0, 0, 21.05%, 5, 0, 1, 3085.22, 9130326, 28, 476582, 0
2733, 9283, 4, 8, 0, 0, 21.05%, 5, 0, 1, 3081.80, 9145376, 28, 477479, 0
2738, 9300, 4, 8, 0, 0, 21.05%, 5, 0, 1, 3267.63, 9161981, 28, 478364, 0
2743, 9315, 0, 8, 0, 0, 21.05%, 5, 0, 1, 3009.50, 9177015, 28, 479258, 0
2749, 9330, 0, 8, 0, 0, 21.05%, 5, 0, 1, 3182.37, 9192365, 28, 480121, 0
2754, 9349, 0, 8, 0, 0, 21.05%, 5, 0, 1, 3339.71, 9210115, 28, 480996, 0
2759, 9365, 0, 8, 0, 0, 21.05%, 5, 0, 1, 3115.00, 9225915, 28, 481853, 0
2764, 9381, 1, 8, 0, 0, 21.05%, 5, 0, 1, 3248.26, 9242315, 28, 482664, 0
2769, 9398, 4, 8, 0, 0, 21.05%, 5, 0, 1, 3181.57, 9258629, 28, 483536, 0
2774, 9414, 6, 8, 0, 0, 21.05%, 5, 0, 1, 3228.52, 9274481, 28, 484424, 0
2779, 9429, 7, 8, 0, 0, 21.05%, 5, 0, 1, 2905.96, 9289015, 28, 485258, 0
2784, 9444, 1, 8, 0, 0, 21.05%, 5, 0, 1, 2954.81, 9304015, 28, 486034, 0
2789, 9460, 4, 8, 0, 0, 21.05%, 5, 0, 1, 3098.97, 9319315, 28, 486915, 0
2794, 9476, 7, 8, 0, 0, 21.05%, 5, 0, 1, 3156.52, 9334830, 28, 487728, 0
2799, 9491, 7, 8, 0, 0, 21.05%, 5, 0, 1, 3070.43, 9350477, 28, 488558, 0
2804, 9507, 7, 8, 0, 0, 21.05%, 5, 0, 1, 3161.05, 9365865, 28, 489436, 0
2809, 9523, 0, 8, 0, 0, 21.05%, 5, 0, 1, 3083.00, 9381815, 28, 490320, 0
2815, 9539, 6, 8, 0, 0, 21.05%, 5, 0, 1, 3268.00, 9398379, 28, 491271, 0
2820, 9557, 4, 8, 0, 0, 21.05%, 5, 0, 1, 3453.12, 9415885, 28, 492179, 0
2825, 9573, 1, 8, 0, 0, 21.05%, 5, 0, 1, 3114.85, 9431365, 28, 492963, 0
2830, 9588, 7, 8, 0, 0, 21.05%, 5, 0, 1, 3068.89, 9446465, 28, 493824, 0
2835, 9603, 7, 8, 0, 0, 21.05%, 5, 0, 1, 2911.00, 9461273, 28, 494690, 0
2840, 9619, 1, 8, 0, 0, 21.05%, 5, 0, 1, 3150.30, 9478128, 28, 495560, 0
2845, 9635, 4, 8, 0, 0, 21.05%, 5, 0, 1, 3151.09, 9493392, 28, 496357, 0
2850, 9651, 4, 8, 0, 0, 21.05%, 5, 0, 1, 3197.97, 9509479, 28, 497215, 0
2855, 9666, 6, 8, 0, 0, 21.05%, 5, 0, 1, 2896.20, 9523965, 28, 498074, 0
2860, 9682, 4, 8, 0, 0, 21.05%, 5, 0, 1, 2965.05, 9539875, 28, 498913, 0
2865, 9699, 4, 8, 0, 0, 21.05%, 5, 0, 1, 2995.89, 9555466, 28, 499741, 0
2870, 9714, 0, 8, 0, 0, 21.05%, 5, 0, 1, 2958.61, 9569965, 28, 500594, 0
2875, 9728, 0, 8, 0, 0, 21.05%, 5, 0, 1, 2963.93, 9584615, 28, 501466, 0
2880, 9744, 0, 8, 0, 0, 21.05%, 5, 0, 1, 3152.34, 9600515, 28, 502279, 0
2885, 9760, 0, 8, 0, 0, 21.05%, 5, 0, 1, 3044.30, 9616515, 28, 503070, 0
2891, 9776, 7, 8, 0, 0, 21.05%, 5, 0, 1, 2970.36, 9632427, 28, 503957, 0
2896, 9792, 6, 8, 0, 0, 21.05%, 5, 0, 1, 3089.73, 9648365, 28, 504817, 0
2901, 9804, 4, 8, 0, 0, 21.05%, 5, 0, 1, 348.48, 9660330, 28, 505416, 0
2906, 9807, 6, 8, 0, 0, 21.05%, 5, 0, 1, 631.00, 9663852, 28, 505598, 0
2911, 9817, 4, 8, 0, 0, 21.05%, 5, 0, 1, 1704.51, 9673965, 28, 506197, 0
2916, 9828, 7, 8, 0, 0, 21.05%, 5, 0, 1, 2008.64, 9684657, 28, 506714, 0
2921, 9840, 4, 8, 0, 0, 21.05%, 5, 0, 1, 2184.31, 9695660, 28, 507248, 0
2926, 9852, 6, 8, 0, 0, 21.05%, 5, 0, 1, 2420.50, 9707814, 28, 507860, 0
2931, 9866, 7, 8, 0, 0, 21.05%, 5, 0, 1, 2717.50, 9722122, 28, 508661, 0
2937, 9882, 7, 8, 0, 0, 21.05%, 5, 0, 1, 3005.37, 9737626, 28, 509479, 0
2942, 9895, 4, 8, 0, 0, 21.05%, 5, 0, 1, 2641.62, 9750368, 28, 510141, 0
2947, 9908, 1, 8, 0, 0, 21.05%, 5, 0, 1, 2929.80, 9764365, 28, 510906, 0
2952, 9921, 6, 8, 0, 0, 21.05%, 5, 0, 1, 2636.99, 9777617, 28, 511639, 0
2957, 9934, 7, 8, 0, 0, 21.05%, 5, 0, 1, 2667.75, 9790468, 28, 512254, 0
2962, 9949, 6, 8, 0, 0, 21.05%, 5, 0, 1, 2756.14, 9805565, 28, 513062, 0
2967, 9965, 7, 8, 0, 0, 21.05%, 5, 0, 1, 3025.08, 9821127, 28, 513924, 0
2972, 9979, 6, 8, 0, 0, 21.05%, 5, 0, 1, 2734.78, 9835222, 28, 514703, 0
2977, 9994, 7, 8, 0, 0, 21.05%, 5, 0, 1, 2858.26, 9850073, 28, 515473, 0
2982, 10008, 0, 8, 0, 0, 21.05%, 5, 0, 1, 2738.86, 9864215, 28, 516249, 0
2987, 10020, 1, 8, 0, 0, 21.05%, 5, 0, 1, 2537.29, 9877165, 28, 517050, 0
2992, 10034, 6, 8, 0, 0, 21.05%, 5, 0, 1, 2729.81, 9890715, 28, 517814, 0
2997, 10050, 0, 8, 0, 0, 21.05%, 5, 0, 1, 3224.61, 9907315, 28, 518650, 0
3003, 10064, 6, 8, 0, 0, 21.05%, 5, 0, 1, 2764.17, 9921270, 28, 519449, 0
3008, 10079, 1, 8, 0, 0, 21.05%, 5, 0, 1, 2754.20, 9935365, 28, 520292, 0
3013, 10094, 4, 8, 0, 0, 21.05%, 5, 0, 1, 2901.93, 9950573, 28, 521092, 0
3018, 10107, 4, 8, 0, 0, 21.05%, 5, 0, 1, 2665.34, 9963920, 28, 521778, 0
3023, 10122, 7, 8, 0, 0, 21.05%, 5, 0, 1, 2626.12, 9977418, 28, 522549, 0
3028, 10136, 7, 8, 0, 0, 21.05%, 5, 0, 1, 2648.88, 9990765, 28, 523326, 0
3033, 10152, 1, 8, 0, 0, 21.05%, 5, 0, 1, 3022.17, 10006326, 28, 524174, 0
3038, 10162, 6, 8, 0, 0, 21.05%, 5, 0, 1, 2414.96, 10017410, 28, 524792, 0
3043, 10175, 4, 8, 0, 0, 21.05%, 5, 0, 1, 2543.89, 10030663, 28, 525514, 0
3048, 10191, 7, 8, 0, 0, 21.05%, 5, 0, 1, 2861.36, 10045973, 28, 526323, 0
3053, 10207, 7, 8, 0, 0, 21.05%, 5, 0, 1, 3083.00, 10061672, 28, 527143, 0
3058, 10222, 6, 8, 0, 0, 21.05%, 5, 0, 1, 3037.16, 10077477, 28, 527973, 0
3063, 10237, 6, 8, 0, 0, 21.05%, 5, 0, 1, 2821.33, 10091515, 28, 528822, 0
3069, 10253, 1, 8, 0, 0, 21.05%, 5, 0, 1, 3128.35, 10108115, 28, 529657, 0
3074, 10269, 7, 8, 0, 0, 21.05%, 5, 0, 1, 3102.12, 10123515, 28, 530509, 0
3079, 10286, 0, 8, 0, 0, 21.05%, 5, 0, 1, 3062.19, 10139515, 28, 531347, 0
3084, 10300, 1, 8, 0, 0, 21.05%, 5, 0, 1, 2865.27, 10153972, 28, 532212, 0
3089, 10315, 4, 8, 0, 0, 21.05%, 5, 0, 1, 2868.00, 10168582, 28, 533078, 0
3094, 10331, 7, 8, 0, 0, 21.05%, 5, 0, 1, 2956.62, 10183765, 28, 533877, 0
3099, 10346, 0, 8, 0, 0, 21.05%, 5, 0, 1, 3065.36, 10198565, 28, 534756, 0
3104, 10362, 0, 8, 0, 0, 21.05%, 5, 0, 1, 3065.34, 10214265, 28, 535603, 0
3109, 10379, 6, 8, 0, 0, 21.05%, 5, 0, 1, 3179.58, 10230830, 28, 536519, 0
3115, 10397, 6, 8, 0, 0, 21.05%, 5, 0, 1, 3488.83, 10248585, 28, 537406, 0
3120, 10413, 0, 8, 0, 0, 21.05%, 5, 0, 1, 3017.10, 10263715, 28, 538222, 0
3125, 10427, 7, 8, 0, 0, 21.05%, 5, 0, 1, 2933.46, 10278565, 28, 539063, 0
3130, 10442, 1, 8, 0, 0, 21.05%, 5, 0, 1, 2856.44, 10293465, 28, 539844, 0
3135, 10455, 4, 8, 0, 0, 21.05%, 5, 0, 1, 2753.21, 10306372, 28, 540568, 0
3140, 10469, 4, 8, 0, 0, 21.05%, 5, 0, 1, 2644.93, 10320572, 28, 541344, 0
3145, 10483, 7, 8, 0, 0, 21.05%, 5, 0, 1, 2760.93, 10334665, 28, 542157, 0
3150, 10498, 1, 8, 0, 0, 21.05%, 5, 0, 1, 2719.88, 10349115, 28, 542975, 0
3155, 10513, 0, 8, 0, 0, 21.05%, 5, 0, 1, 2803.53, 10363965, 28, 543727, 0
3161, 10526, 4, 8, 0, 0, 21.05%, 5, 0, 1, 2548.11, 10376518, 28, 544442, 0
3166, 10541, 1, 8, 0, 0, 21.05%, 5, 0, 1, 2873.23, 10391415, 28, 545266, 0
3171, 10557, 4, 8, 0, 0, 21.05%, 5, 0, 1, 2838.42, 10406374, 28, 546082, 0
3176, 10571, 4, 8, 0, 0, 21.05%, 5, 0, 1, 2955.62, 10421275, 28, 546925, 0
3181, 10584, 1, 8, 0, 0, 21.05%, 5, 0, 1, 2730.81, 10434972, 28, 547727, 0
3186, 10599, 0, 8, 0, 0, 21.05%, 5, 0, 1, 2667.00, 10448765, 28, 548520, 0
3191, 10616, 4, 8, 0, 0, 21.05%, 5, 0, 1, 3156.63, 10465127, 28, 549377, 0
3196, 10628, 4, 8, 0, 0, 21.05%, 5, 0, 1, 2817.82, 10477326, 28, 550070, 0
3201, 10642, 4, 8, 0, 0, 21.05%, 5, 0, 1, 2817.33, 10491072, 28, 550878, 0
3206, 10658, 0, 8, 0, 0, 21.05%, 5, 0, 1, 2993.09, 10506465, 28, 551702, 0
3211, 10674, 1, 8, 0, 0, 21.05%, 5, 0, 1, 3184.75, 10522980, 28, 552571, 0
3217, 10694, 1, 8, 0, 0, 21.05%, 5, 0, 1, 3566.02, 10541538, 28, 553551, 0
3222, 10708, 1, 8, 0, 0, 21.05%, 5, 0, 1, 2938.81, 10555465, 28, 554304, 0
3227, 10725, 6, 8, 0, 0, 21.05%, 5, 0, 1, 3137.65, 10572265, 28, 555178, 0
3232, 10742, 0, 8, 0, 0, 21.05%, 5, 0, 1, 3256.86, 10588615, 28, 556193, 0
3237, 10756, 0, 8, 0, 0, 21.05%, 5, 0, 1, 2890.81, 10603565, 28, 557039, 0
3242, 10774, 1, 8, 0, 0, 21.05%, 5, 0, 1, 3306.94, 10620331, 28, 557990, 0
3247, 10788, 6, 8, 0, 0, 21.05%, 5, 0, 1, 2839.67, 10634365, 28, 558844, 0
3252, 10802, 7, 8, 0, 0, 21.05%, 5, 0, 1, 2713.73, 10648016, 28, 559602, 0
3257, 10818, 1, 8, 0, 0, 21.05%, 5, 0, 1, 3017.02, 10663526, 28, 560417, 0
3262, 10833, 1, 8, 0, 0, 21.05%, 5, 0, 1, 2937.86, 10678715, 28, 561272, 0
3267, 10848, 4, 8, 0, 0, 21.05%, 5, 0, 1, 2768.14, 10693365, 28, 562091, 0
3273, 10862, 7, 8, 0, 0, 21.05%, 5, 0, 1, 2621.57, 10706615, 28, 562853, 0
3278, 10876, 6, 8, 0, 0, 21.05%, 5, 0, 1, 2595.26, 10720568, 28, 563676, 0
3283, 10892, 4, 8, 0, 0, 21.05%, 5, 0, 1, 3075.73, 10736365, 28, 564568, 0
3288, 10908, 4, 8, 0, 0, 21.05%, 5, 0, 1, 3109.42, 10752138, 28, 565410, 0
3293, 10926, 4, 8, 0, 0, 21.05%, 5, 0, 1, 3259.89, 10769096, 28, 566307, 0
3298, 10943, 6, 8, 0, 0, 21.05%, 5, 0, 1, 3404.71, 10786683, 28, 567175, 0
3303, 10959, 7, 8, 0, 0, 21.05%, 5, 0, 1, 3397.12, 10802565, 28, 567983, 0
3308, 10976, 1, 8, 0, 0, 21.05%, 5, 0, 1, 3127.01, 10818665, 28, 568875, 0
3313, 10992, 0, 8, 0, 0, 21.05%, 5, 0, 1, 3016.36, 10834265, 28, 569631, 0
3318, 11007, 0, 8, 0, 0, 21.05%, 5, 0, 1, 2892.14, 10848265, 28, 570492, 0
3323, 11022, 7, 8, 0, 0, 21.05%, 5, 0, 1, 3094.17, 10863377, 28, 571315, 0
3328, 11039, 1, 8, 0, 0, 21.05%, 5, 0, 1, 3429.89, 10880484, 28, 572173, 0
3333, 11056, 7, 8, 0, 0, 21.05%, 5, 0, 1, 3158.22, 10896379, 28, 573067, 0
3339, 11074, 7, 8, 0, 0, 21.05%, 5, 0, 1, 3142.01, 10913030, 28, 573961, 0
3344, 11089, 0, 8, 0, 0, 21.05%, 5, 0, 1, 2997.50, 10927965, 28, 574818, 0
3349, 11105, 6, 8, 0, 0, 21.05%, 5, 0, 1, 3118.43, 10943778, 28, 575661, 0
3354, 11119, 7, 8, 0, 0, 21.05%, 5, 0, 1, 2830.66, 10957472, 28, 576434, 0
3359, 11138, 7, 8, 0, 0, 21.05%, 5, 0, 1, 3216.87, 10975565, 28, 577325, 0
3364, 11153, 4, 8, 0, 0, 21.05%, 5, 0, 1, 2950.81, 10990075, 28, 578147, 0
3369, 11167, 6, 8, 0, 0, 21.05%, 5, 0, 1, 2829.31, 11004221, 28, 578969, 0
3374, 11183, 4, 8, 0, 0, 21.05%, 5, 0, 1, 3100.78, 11020238, 28, 579831, 0
3379, 11198, 7, 8, 0, 0, 21.05%, 5, 0, 1, 2840.20, 11034973, 28, 580639, 0
3385, 11211, 6, 8, 0, 0, 21.05%, 5, 0, 1, 2587.42, 11048415, 28, 581415, 0
3390, 11229, 6, 8, 0, 0, 21.05%, 5, 0, 1, 3112.82, 11065365, 28, 582277, 0
3395, 11243, 0, 8, 0, 0, 21.05%, 5, 0, 1, 2637.13, 11079065, 28, 583116, 0
3400, 11258, 1, 8, 0, 0, 21.05%, 5, 0, 1, 2776.88, 11093772, 28, 583884, 0
3405, 11269, 7, 8, 0, 0, 21.05%, 5, 0, 1, 2380.32, 11104504, 28, 584489, 0
3410, 11284, 1, 8, 0, 0, 21.05%, 5, 0, 1, 3097.00, 11119715, 28, 585308, 0
3415, 11298, 4, 8, 0, 0, 21.05%, 5, 0, 1, 2812.88, 11133828, 28, 586219, 0
3420, 11313, 1, 8, 0, 0, 21.05%, 5, 0, 1, 3009.60, 11149065, 28, 587027, 0
3425, 11330, 4, 8, 0, 0, 21.05%, 5, 0, 1, 3279.11, 11165231, 28, 587981, 0
3430, 11346, 6, 8, 0, 0, 21.05%, 5, 0, 1, 2973.36, 11180776, 28, 588907, 0
3435, 11365, 1, 8, 0, 0, 21.05%, 5, 0, 1, 3678.81, 11199865, 28, 589787, 0
3441, 11380, 6, 8, 0, 0, 21.05%, 5, 0, 1, 2955.22, 11214515, 28, 590702, 0
3446, 11395, 1, 8, 0, 0, 21.05%, 5, 0, 1, 3094.59, 11229915, 28, 591637, 0
3451, 11411, 4, 8, 0, 0, 21.05%, 5, 0, 1, 3080.38, 11245240, 28, 592505, 0
3456, 11428, 0, 8, 0, 0, 21.05%, 5, 0, 1, 3233.48, 11261515, 28, 593363, 0
3461, 11444, 4, 8, 0, 0, 21.05%, 5, 0, 1, 3027.38, 11276965, 28, 594231, 0
3466, 11459, 4, 8, 0, 0, 21.05%, 5, 0, 1, 3221.82, 11292315, 28, 595109, 0
3471, 11477, 4, 8, 0, 0, 21.05%, 5, 0, 1, 3463.01, 11310585, 28, 596157, 0
3476, 11495, 6, 8, 0, 0, 21.05%, 5, 0, 1, 3642.40, 11328839, 28, 597165, 0
3481, 11516, 4, 8, 0, 0, 21.05%, 5, 0, 1, 3813.87, 11348815, 28, 598288, 0
3486, 11534, 4, 8, 0, 0, 21.05%, 5, 0, 1, 3480.33, 11366386, 28, 599205, 0
3491, 11550, 1, 8, 0, 0, 21.05%, 5, 0, 1, 3086.26, 11381527, 28, 600106, 0
3496, 11567, 4, 8, 0, 0, 21.05%, 5, 0, 1, 3237.67, 11398065, 28, 601057, 0
3502, 11582, 4, 8, 0, 0, 21.05%, 5, 0, 1, 3065.20, 11413615, 28, 601924, 0
3507, 11600, 6, 8, 0, 0, 21.05%, 5, 0, 1, 3224.72, 11430181, 28, 602841, 0
3512, 11617, 1, 8, 0, 0, 21.05%, 5, 0, 1, 3454.51, 11447065, 28, 603770, 0
3517, 11634, 4, 8, 0, 0, 21.05%, 5, 0, 1, 3237.94, 11463131, 28, 604670, 0
3522, 11650, 1, 8, 0, 0, 21.05%, 5, 0, 1, 3022.82, 11479027, 28, 605521, 0
3527, 11666, 1, 8, 0, 0, 21.05%, 5, 0, 1, 3364.22, 11495165, 28, 606408, 0
3532, 11683, 7, 8, 0, 0, 21.05%, 5, 0, 1, 3301.12, 11511782, 28, 607375, 0
3537, 11702, 6, 8, 0, 0, 21.05%, 5, 0, 1, 3525.26, 11529385, 28, 608360, 0
3542, 11722, 6, 8, 0, 0, 21.05%, 5, 0, 1, 3809.56, 11549641, 28, 609454, 0
3547, 11741, 0, 8, 0, 0, 21.05%, 5, 0, 1, 3616.69, 11568565, 28, 610424, 0
3552, 11757, 6, 8, 0, 0, 21.05%, 5, 0, 1, 3328.99, 11584365, 28, 611370, 0
3557, 11777, 7, 8, 0, 0, 21.05%, 5, 0, 1, 3868.51, 11604542, 28, 612538, 0
3562, 11797, 7, 8, 0, 0, 21.05%, 5, 0, 1, 3879.10, 11624743, 28, 613673, 0
3567, 11818, 0, 8, 0, 0, 21.05%, 5, 0, 1, 4069.50, 11645365, 28, 614818, 0
3572, 11838, 6, 8, 0, 0, 21.05%, 5, 0, 1, 3769.23, 11664140, 28, 615910, 0
3577, 11858, 6, 8, 0, 0, 21.05%, 5, 0, 1, 4100.08, 11684798, 28, 617129, 0
3582, 11876, 4, 8, 0, 0, 21.05%, 5, 0, 1, 3577.24, 11702888, 28, 618095, 0
3588, 11894, 0, 8, 0, 0, 21.05%, 5, 0, 1, 3521.10, 11720265, 28, 618971, 0
3593, 11912, 6, 8, 0, 0, 21.05%, 5, 0, 1, 3565.85, 11738015, 28, 619872, 0
3598, 11929, 1, 8, 0, 0, 21.05%, 5, 0, 1, 3338.66, 11754065, 28, 620750, 0
3603, 11946, 6, 8, 0, 0, 21.05%, 5, 0, 1, 3364.34, 11770932, 28, 621711, 0
3608, 11965, 0, 8, 0, 0, 21.05%, 5, 0, 1, 3650.59, 11790015, 28, 622758, 0
3613, 11985, 6, 8, 0, 0, 21.05%, 5, 0, 1, 3706.69, 11808540, 28, 623835, 0
3618, 12003, 4, 8, 0, 0, 21.05%, 5, 0, 1, 3514.91, 11826254, 28, 624785, 0
3622, 12018, 0, 8, 0, 0, 21.05%, 5, 0, 1, 3502.59, 11841281, 28, 625506, 0
