# relative_time, cycles_done, cur_item, corpus_count, pending_total, pending_favs, map_size, saved_crashes, saved_hangs, max_depth, execs_per_sec, total_execs, edges_found, total_crashes, servers_count
60, 2513, 7, 8, 0, 0, 33.33%, 4, 0, 2, 20874.13, 1256850, 17, 7304, 0
65, 2727, 7, 8, 0, 0, 33.33%, 4, 0, 2, 21149.16, 1363850, 17, 7787, 0
70, 2922, 4, 8, 0, 0, 33.33%, 4, 0, 2, 19323.00, 1461151, 17, 8409, 0
75, 3133, 1, 8, 0, 0, 33.33%, 4, 0, 2, 20420.08, 1566551, 17, 9056, 0
80, 3349, 0, 8, 0, 0, 33.33%, 4, 0, 2, 21180.04, 1674451, 17, 9698, 0
85, 3565, 4, 8, 0, 0, 33.33%, 4, 0, 2, 21141.97, 1782651, 17, 10216, 0
91, 3774, 4, 8, 0, 0, 33.33%, 4, 0, 2, 20662.61, 1887151, 17, 10978, 0
96, 3985, 7, 8, 0, 0, 33.33%, 4, 0, 2, 20920.98, 1992851, 17, 11720, 0
101, 4198, 1, 8, 0, 0, 33.33%, 4, 0, 2, 20947.61, 2099051, 17, 12330, 0
106, 4386, 0, 8, 0, 0, 33.33%, 4, 0, 2, 17423.27, 2192951, 17, 12833, 0
111, 4512, 0, 8, 0, 0, 33.33%, 4, 0, 2, 14090.37, 2255951, 17, 13298, 0
116, 4644, 6, 8, 0, 0, 33.33%, 4, 0, 2, 13014.74, 2322251, 17, 13564, 0
121, 4769, 1, 8, 0, 0, 33.33%, 4, 0, 2, 12102.99, 2384551, 17, 13783, 0
126, 4905, 6, 8, 0, 0, 33.33%, 4, 0, 2, 12989.13, 2452751, 17, 14179, 0
131, 5062, 4, 8, 0, 0, 33.33%, 4, 0, 2, 15679.22, 2531151, 17, 14557, 0
136, 5250, 7, 8, 0, 0, 33.33%, 4, 0, 2, 17952.75, 2625351, 17, 15171, 0
141, 5438, 0, 8, 0, 0, 33.33%, 4, 0, 2, 18550.64, 2718951, 17, 15704, 0
146, 5624, 4, 8, 0, 0, 33.33%, 4, 0, 2, 18641.78, 2812151, 17, 16317, 0
151, 5817, 6, 8, 0, 0, 33.33%, 4, 0, 2, 18995.57, 2908751, 17, 16729, 0
156, 6006, 0, 8, 0, 0, 33.33%, 4, 0, 2, 18696.30, 3002951, 17, 17200, 0
161, 6195, 4, 8, 0, 0, 33.33%, 4, 0, 2, 19081.05, 3097651, 17, 17780, 0
167, 6366, 7, 8, 0, 0, 33.33%, 4, 0, 2, 16898.94, 3183351, 17, 18402, 0
172, 6519, 1, 8, 0, 0, 33.33%, 4, 0, 2, 15520.75, 3259551, 17, 18733, 0
177, 6696, 1, 8, 0, 0, 33.33%, 4, 0, 2, 17482.56, 3348051, 17, 19359, 0
182, 6883, 7, 8, 0, 0, 33.33%, 4, 0, 2, 18293.11, 3441851, 17, 19893, 0
187, 7056, 6, 8, 0, 0, 33.33%, 4, 0, 2, 16598.49, 3528251, 17, 20539, 0
192, 7189, 1, 8, 0, 0, 33.33%, 4, 0, 2, 14029.06, 3594551, 17, 20930, 0
197, 7322, 0, 8, 0, 0, 33.33%, 4, 0, 2, 13333.85, 3660951, 17, 21192, 0
202, 7428, 0, 8, 0, 0, 33.33%, 4, 0, 2, 10049.74, 3713951, 17, 21547, 0
207, 7510, 7, 8, 0, 0, 33.33%, 4, 0, 2, 8229.43, 3755351, 17, 21818, 0
212, 7619, 0, 8, 0, 0, 33.33%, 4, 0, 2, 10257.66, 3809451, 17, 21952, 0
218, 7723, 7, 8, 0, 0, 33.33%, 4, 0, 2, 10524.61, 3861852, 17, 22237, 0
223, 7849, 4, 8, 0, 0, 33.33%, 4, 0, 2, 11961.52, 3924652, 17, 22745, 0
228, 8000, 4, 8, 0, 0, 33.33%, 4, 0, 2, 14960.98, 4000152, 17, 23165, 0
233, 8128, 4, 8, 0, 0, 33.33%, 4, 0, 2, 13581.58, 4064152, 17, 23506, 0
238, 8289, 6, 8, 0, 0, 33.33%, 4, 0, 2, 15439.63, 4144752, 17, 23931, 0
243, 8438, 6, 8, 0, 0, 33.33%, 4, 0, 2, 14834.15, 4219252, 17, 24289, 0
248, 8586, 7, 8, 0, 0, 33.33%, 4, 0, 2, 15100.70, 4293352, 17, 24801, 0
253, 8744, 1, 8, 0, 0, 33.33%, 4, 0, 2, 15296.48, 4372052, 17, 25205, 0
258, 8870, 1, 8, 0, 0, 33.33%, 4, 0, 2, 13452.27, 4435052, 17, 25652, 0
263, 9004, 1, 8, 0, 0, 33.33%, 4, 0, 2, 13166.27, 4502052, 17, 26224, 0
268, 9140, 7, 8, 0, 0, 33.33%, 4, 0, 2, 12976.06, 4570352, 17, 26694, 0
274, 9288, 6, 8, 0, 0, 33.33%, 4, 0, 2, 14702.38, 4644252, 17, 26959, 0
279, 9417, 0, 8, 0, 0, 33.33%, 4, 0, 2, 12953.60, 4708452, 17, 27173, 0
284, 9498, 0, 8, 0, 0, 33.33%, 4, 0, 2, 9382.11, 4748952, 17, 27446, 0
289, 9648, 1, 8, 0, 0, 33.33%, 4, 0, 2, 14074.19, 4824052, 17, 27744, 0
294, 9793, 6, 8, 0, 0, 33.33%, 4, 0, 2, 14221.68, 4896752, 17, 28185, 0
299, 9932, 6, 8, 0, 0, 33.33%, 4, 0, 2, 14256.84, 4966252, 17, 28918, 0
304, 10073, 1, 8, 0, 0, 33.33%, 4, 0, 2, 13946.85, 5036552, 17, 29322, 0
309, 10226, 4, 8, 0, 0, 33.33%, 4, 0, 2, 14889.76, 5113152, 17, 29613, 0
314, 10374, 1, 8, 0, 0, 33.33%, 4, 0, 2, 14827.72, 5187052, 17, 30179, 0
319, 10520, 0, 8, 0, 0, 33.33%, 4, 0, 2, 14561.66, 5259952, 17, 30634, 0
324, 10654, 4, 8, 0, 0, 33.33%, 4, 0, 2, 12796.42, 5327152, 17, 30918, 0
330, 10811, 1, 8, 0, 0, 33.33%, 4, 0, 2, 15541.87, 5405552, 17, 31226, 0
335, 10963, 0, 8, 0, 0, 33.33%, 4, 0, 2, 15463.54, 5481452, 17, 31906, 0
340, 11149, 4, 8, 0, 0, 33.33%, 4, 0, 2, 17864.61, 5574652, 17, 32445, 0
345, 11342, 1, 8, 0, 0, 33.33%, 4, 0, 2, 18446.17, 5671052, 17, 33071, 0
350, 11515, 0, 8, 0, 0, 33.33%, 4, 0, 2, 17108.12, 5757452, 17, 33456, 0
355, 11662, 6, 8, 0, 0, 33.33%, 4, 0, 2, 15008.42, 5831252, 17, 33870, 0
360, 11823, 7, 8, 0, 0, 33.33%, 4, 0, 2, 16353.06, 5911852, 17, 34469, 0
365, 11988, 6, 8, 0, 0, 33.33%, 4, 0, 2, 15920.19, 5994252, 17, 35173, 0
370, 12134, 0, 8, 0, 0, 33.33%, 4, 0, 2, 14591.27, 6066952, 17, 35887, 0
375, 12278, 6, 8, 0, 0, 33.33%, 4, 0, 2, 14397.41, 6139252, 17, 36311, 0
380, 12427, 1, 8, 0, 0, 33.33%, 4, 0, 2, 14940.36, 6213552, 17, 36857, 0
385, 12578, 6, 8, 0, 0, 33.33%, 4, 0, 2, 14765.24, 6289252, 17, 37392, 0
390, 12733, 0, 8, 0, 0, 33.33%, 4, 0, 2, 15171.72, 6366452, 17, 37868, 0
395, 12916, 6, 8, 0, 0, 33.33%, 4, 0, 2, 17838.96, 6458252, 17, 38235, 0
400, 13086, 7, 8, 0, 0, 33.33%, 4, 0, 2, 16747.23, 6543352, 17, 38859, 0
406, 13221, 4, 8, 0, 0, 33.33%, 4, 0, 2, 13601.32, 6610652, 17, 39173, 0
411, 13366, 1, 8, 0, 0, 33.33%, 4, 0, 2, 13379.84, 6683052, 17, 39552, 0
416, 13504, 1, 8, 0, 0, 33.33%, 4, 0, 2, 13371.76, 6752052, 17, 39890, 0
421, 13639, 1, 8, 0, 0, 33.33%, 4, 0, 2, 13335.47, 6819552, 17, 40334, 0
426, 13759, 0, 8, 0, 0, 33.33%, 4, 0, 2, 12309.10, 6879452, 17, 40647, 0
431, 13903, 7, 8, 0, 0, 33.33%, 4, 0, 2, 13444.73, 6951852, 17, 41072, 0
436, 14026, 7, 8, 0, 0, 33.33%, 4, 0, 2, 12114.42, 7013352, 17, 41408, 0
441, 14172, 1, 8, 0, 0, 33.33%, 4, 0, 2, 14169.71, 7086052, 17, 41637, 0
446, 14310, 1, 8, 0, 0, 33.33%, 4, 0, 2, 13566.72, 7155052, 17, 41970, 0
451, 14460, 7, 8, 0, 0, 33.33%, 4, 0, 2, 14347.88, 7230352, 17, 42322, 0
456, 14607, 4, 8, 0, 0, 33.33%, 4, 0, 2, 14953.25, 7303652, 17, 42715, 0
462, 14755, 0, 8, 0, 0, 33.33%, 4, 0, 2, 14631.47, 7377452, 17, 43255, 0
467, 14899, 1, 8, 0, 0, 33.33%, 4, 0, 2, 14178.69, 7449552, 17, 43640, 0
472, 15072, 6, 8, 0, 0, 33.33%, 4, 0, 2, 17076.46, 7536153, 17, 44216, 0
477, 15258, 1, 8, 0, 0, 33.33%, 4, 0, 2, 18116.72, 7629052, 17, 44691, 0
482, 15445, 7, 8, 0, 0, 33.33%, 4, 0, 2, 18429.69, 7722852, 17, 45294, 0
487, 15628, 4, 8, 0, 0, 33.33%, 4, 0, 2, 18064.84, 7814152, 17, 45906, 0
492, 15780, 7, 8, 0, 0, 33.33%, 4, 0, 2, 15321.73, 7890352, 17, 46461, 0
497, 15938, 1, 8, 0, 0, 33.33%, 4, 0, 2, 15730.78, 7969052, 17, 46822, 0
502, 16105, 6, 8, 0, 0, 33.33%, 4, 0, 2, 15979.72, 8052752, 17, 47345, 0
507, 16250, 0, 8, 0, 0, 33.33%, 4, 0, 2, 14501.02, 8124952, 17, 47723, 0
512, 16394, 7, 8, 0, 0, 33.33%, 4, 0, 2, 14439.99, 8197352, 17, 48237, 0
517, 16546, 1, 8, 0, 0, 33.33%, 4, 0, 2, 14964.35, 8273052, 17, 48753, 0
522, 16686, 1, 8, 0, 0, 33.33%, 4, 0, 2, 13955.64, 8343052, 17, 49143, 0
527, 16861, 6, 8, 0, 0, 33.33%, 4, 0, 2, 16663.04, 8430752, 17, 49673, 0
532, 17007, 7, 8, 0, 0, 33.33%, 4, 0, 2, 14696.43, 8503852, 17, 50004, 0
537, 17186, 1, 8, 0, 0, 33.33%, 4, 0, 2, 16989.72, 8593052, 17, 50497, 0
543, 17330, 0, 8, 0, 0, 33.33%, 4, 0, 2, 14488.49, 8664952, 17, 51066, 0
548, 17480, 1, 8, 0, 0, 33.33%, 4, 0, 2, 14801.45, 8740052, 17, 51421, 0
553, 17630, 0, 8, 0, 0, 33.33%, 4, 0, 2, 14756.49, 8814952, 17, 51843, 0
558, 17769, 1, 8, 0, 0, 33.33%, 4, 0, 2, 14059.15, 8884552, 17, 52452, 0
563, 17919, 0, 8, 0, 0, 33.33%, 4, 0, 2, 14680.65, 8959452, 17, 52722, 0
568, 18068, 6, 8, 0, 0, 33.33%, 4, 0, 2, 15144.52, 9034252, 17, 53143, 0
573, 18249, 6, 8, 0, 0, 33.33%, 4, 0, 2, 17105.49, 9124752, 17, 53598, 0
578, 18424, 6, 8, 0, 0, 33.33%, 4, 0, 2, 16833.59, 9212252, 17, 54047, 0
583, 18584, 1, 8, 0, 0, 33.33%, 4, 0, 2, 16100.32, 9292052, 17, 54497, 0
588, 18748, 0, 8, 0, 0, 33.33%, 4, 0, 2, 16024.89, 9373952, 17, 54844, 0
593, 18894, 1, 8, 0, 0, 33.33%, 4, 0, 2, 14756.49, 9447052, 17, 55258, 0
598, 19044, 4, 8, 0, 0, 33.33%, 4, 0, 2, 14898.29, 9522152, 17, 55597, 0
603, 19197, 4, 8, 0, 0, 33.33%, 4, 0, 2, 15359.78, 9598652, 17, 56402, 0
608, 19375, 4, 8, 0, 0, 33.33%, 4, 0, 2, 16943.63, 9687652, 17, 57551, 0
613, 19520, 0, 8, 0, 0, 33.33%, 4, 0, 2, 14690.14, 9759952, 17, 58699, 0
619, 19656, 7, 8, 0, 0, 33.33%, 4, 0, 2, 14092.71, 9828352, 17, 60154, 0
624, 19794, 6, 8, 0, 0, 33.33%, 4, 0, 2, 13372.13, 9897252, 17, 61394, 0
629, 19924, 1, 8, 0, 0, 33.33%, 4, 0, 2, 12786.26, 9962052, 17, 62285, 0
634, 20047, 7, 8, 0, 0, 33.33%, 4, 0, 2, 12177.67, 10023852, 17, 63367, 0
639, 20178, 0, 8, 0, 0, 33.33%, 4, 0, 2, 11897.00, 10088953, 17, 64070, 0
644, 20290, 6, 8, 0, 0, 33.33%, 4, 0, 2, 11540.20, 10145253, 17, 65074, 0
649, 20415, 6, 8, 0, 0, 33.33%, 4, 0, 2, 12055.01, 10207753, 17, 66050, 0
654, 20520, 6, 8, 0, 0, 33.33%, 4, 0, 2, 11127.54, 10260253, 17, 66835, 0
659, 20643, 1, 8, 0, 0, 33.33%, 4, 0, 2, 11355.46, 10321553, 17, 67529, 0
665, 20761, 7, 8, 0, 0, 33.33%, 4, 0, 2, 11725.41, 10380853, 17, 68678, 0
670, 20896, 7, 8, 0, 0, 33.33%, 4, 0, 2, 13098.77, 10448353, 17, 69578, 0
675, 20984, 4, 8, 0, 0, 33.33%, 4, 0, 2, 8875.59, 10492154, 17, 70133, 0
680, 21083, 6, 8, 0, 0, 33.33%, 4, 0, 2, 9083.55, 10541754, 17, 70860, 0
685, 21217, 1, 8, 0, 0, 33.33%, 4, 0, 2, 12347.04, 10608554, 17, 72057, 0
690, 21364, 6, 8, 0, 0, 33.33%, 4, 0, 2, 14054.95, 10682254, 17, 73182, 0
695, 21516, 0, 8, 0, 0, 33.33%, 4, 0, 2, 14807.86, 10757954, 17, 74423, 0
700, 21666, 7, 8, 0, 0, 33.33%, 4, 0, 2, 15536.23, 10833354, 17, 75367, 0
705, 21841, 1, 8, 0, 0, 33.33%, 4, 0, 2, 16711.85, 10920554, 17, 76801, 0
710, 22000, 7, 8, 0, 0, 33.33%, 4, 0, 2, 16031.00, 11000354, 17, 78454, 0
715, 22178, 6, 8, 0, 0, 33.33%, 4, 0, 2, 17272.04, 11089254, 17, 79645, 0
721, 22353, 7, 8, 0, 0, 33.33%, 4, 0, 2, 17132.09, 11176854, 17, 80865, 0
726, 22529, 7, 8, 0, 0, 33.33%, 4, 0, 2, 17650.54, 11264854, 17, 82141, 0
731, 22696, 1, 8, 0, 0, 33.33%, 4, 0, 2, 16621.02, 11348054, 17, 83476, 0
736, 22874, 6, 8, 0, 0, 33.33%, 4, 0, 2, 17438.92, 11437254, 17, 84587, 0
741, 23052, 0, 8, 0, 0, 33.33%, 4, 0, 2, 17562.50, 11525954, 17, 85942, 0
746, 23222, 1, 8, 0, 0, 33.33%, 4, 0, 2, 17014.58, 11611054, 17, 87437, 0
751, 23399, 1, 8, 0, 0, 33.33%, 4, 0, 2, 17488.14, 11699554, 17, 88673, 0
756, 23575, 1, 8, 0, 0, 33.33%, 4, 0, 2, 17334.33, 11787554, 17, 89833, 0
761, 23750, 7, 8, 0, 0, 33.33%, 4, 0, 2, 17313.82, 11875354, 17, 91375, 0
766, 23909, 7, 8, 0, 0, 33.33%, 4, 0, 2, 15039.93, 11954854, 17, 92596, 0
771, 24027, 7, 8, 0, 0, 33.33%, 4, 0, 2, 12253.20, 12013854, 17, 93303, 0
776, 24156, 0, 8, 0, 0, 33.33%, 4, 0, 2, 12298.10, 12077954, 17, 93978, 0
781, 24286, 0, 8, 0, 0, 33.33%, 4, 0, 2, 13550.48, 12142954, 17, 95073, 0
786, 24412, 4, 8, 0, 0, 33.33%, 4, 0, 2, 11968.86, 12206154, 17, 96047, 0
792, 24543, 4, 8, 0, 0, 33.33%, 4, 0, 2, 12854.70, 12271654, 17, 97065, 0
797, 24663, 7, 8, 0, 0, 33.33%, 4, 0, 2, 12034.66, 12331854, 17, 98117, 0
802, 24780, 6, 8, 0, 0, 33.33%, 4, 0, 2, 11012.31, 12390254, 17, 98956, 0
807, 24915, 4, 8, 0, 0, 33.33%, 4, 0, 2, 12942.66, 12457654, 17, 100048, 0
812, 25036, 7, 8, 0, 0, 33.33%, 4, 0, 2, 12198.40, 12518354, 17, 101248, 0
817, 25169, 1, 8, 0, 0, 33.33%, 4, 0, 2, 13493.59, 12584554, 17, 102303, 0
822, 25315, 4, 8, 0, 0, 33.33%, 4, 0, 2, 13854.60, 12657654, 17, 103666, 0
827, 25447, 0, 8, 0, 0, 33.33%, 4, 0, 2, 13217.52, 12723454, 17, 104547, 0
832, 25503, 7, 8, 0, 0, 33.33%, 4, 0, 2, 7034.58, 12751854, 17, 104930, 0
837, 25602, 6, 8, 0, 0, 33.33%, 4, 0, 2, 8130.99, 12801254, 17, 105505, 0
842, 25666, 4, 8, 0, 0, 33.33%, 4, 0, 2, 7279.80, 12833154, 17, 105931, 0
848, 25813, 0, 8, 0, 0, 33.33%, 4, 0, 2, 13996.10, 12906355, 17, 107096, 0
853, 25952, 6, 8, 0, 0, 33.33%, 4, 0, 2, 13128.58, 12976254, 17, 108216, 0
858, 26086, 4, 8, 0, 0, 33.33%, 4, 0, 2, 13338.73, 13043154, 17, 109262, 0
863, 26212, 1, 8, 0, 0, 33.33%, 4, 0, 2, 12772.93, 13106054, 17, 110061, 0
868, 26344, 7, 8, 0, 0, 33.33%, 4, 0, 2, 12639.00, 13172354, 17, 110920, 0
873, 26478, 0, 8, 0, 0, 33.33%, 4, 0, 2, 13300.01, 13238954, 17, 111996, 0
878, 26620, 6, 8, 0, 0, 33.33%, 4, 0, 2, 14071.93, 13310254, 17, 112749, 0
883, 26745, 7, 8, 0, 0, 33.33%, 4, 0, 2, 12807.66, 13372854, 17, 113612, 0
888, 26863, 1, 8, 0, 0, 33.33%, 4, 0, 2, 12123.78, 13431554, 17, 114749, 0
893, 26994, 4, 8, 0, 0, 33.33%, 4, 0, 2, 12414.06, 13497154, 17, 115664, 0
899, 27117, 6, 8, 0, 0, 33.33%, 4, 0, 2, 12606.43, 13558754, 17, 116562, 0
904, 27253, 4, 8, 0, 0, 33.33%, 4, 0, 2, 12913.65, 13626654, 17, 117158, 0
909, 27381, 6, 8, 0, 0, 33.33%, 4, 0, 2, 12308.77, 13690754, 17, 118448, 0
914, 27518, 6, 8, 0, 0, 33.33%, 4, 0, 2, 13413.92, 13759254, 17, 119724, 0
919, 27660, 1, 8, 0, 0, 33.33%, 4, 0, 2, 13815.18, 13830054, 17, 120497, 0
924, 27787, 6, 8, 0, 0, 33.33%, 4, 0, 2, 12892.14, 13893754, 17, 121808, 0
929, 27922, 7, 8, 0, 0, 33.33%, 4, 0, 2, 13203.60, 13961354, 17, 123030, 0
934, 28059, 1, 8, 0, 0, 33.33%, 4, 0, 2, 13362.70, 14029554, 17, 123871, 0
939, 28194, 7, 8, 0, 0, 33.33%, 4, 0, 2, 13318.00, 14097354, 17, 125036, 0
944, 28339, 0, 8, 0, 0, 33.33%, 4, 0, 2, 14265.49, 14169454, 17, 125946, 0
949, 28476, 6, 8, 0, 0, 33.33%, 4, 0, 2, 13963.13, 14238254, 17, 126700, 0
954, 28609, 0, 8, 0, 0, 33.33%, 4, 0, 2, 13481.20, 14304454, 17, 127859, 0
960, 28748, 4, 8, 0, 0, 33.33%, 4, 0, 2, 13747.24, 14374154, 17, 128917, 0
965, 28884, 0, 8, 0, 0, 33.33%, 4, 0, 2, 13325.69, 14441954, 17, 129598, 0
970, 29020, 7, 8, 0, 0, 33.33%, 4, 0, 2, 13535.57, 14510354, 17, 130675, 0
975, 29159, 4, 8, 0, 0, 33.33%, 4, 0, 2, 13571.89, 14579654, 17, 131597, 0
980, 29299, 0, 8, 0, 0, 33.33%, 4, 0, 2, 13504.17, 14649454, 17, 132332, 0
985, 29460, 7, 8, 0, 0, 33.33%, 4, 0, 2, 15901.91, 14730354, 17, 133186, 0
990, 29610, 1, 8, 0, 0, 33.33%, 4, 0, 2, 14642.53, 14805054, 17, 134448, 0
995, 29744, 1, 8, 0, 0, 33.33%, 4, 0, 2, 13140.23, 14872054, 17, 135286, 0
1000, 29880, 0, 8, 0, 0, 33.33%, 4, 0, 2, 13409.60, 14939954, 17, 136333, 0
1005, 29995, 0, 8, 0, 0, 33.33%, 4, 0, 2, 11126.35, 14997454, 17, 137579, 0
1010, 30127, 0, 8, 0, 0, 33.33%, 4, 0, 2, 12132.85, 15063454, 17, 138578, 0
1015, 30270, 4, 8, 0, 0, 33.33%, 4, 0, 2, 13965.64, 15135154, 17, 139657, 0
1021, 30409, 7, 8, 0, 0, 33.33%, 4, 0, 2, 13861.75, 15204854, 17, 141133, 0
1026, 30551, 0, 8, 0, 0, 33.33%, 4, 0, 2, 13771.39, 15275454, 17, 142324, 0
1031, 30682, 7, 8, 0, 0, 33.33%, 4, 0, 2, 13247.71, 15341354, 17, 143613, 0
1036, 30826, 1, 8, 0, 0, 33.33%, 4, 0, 2, 13791.01, 15413054, 17, 144823, 0
1041, 30962, 1, 8, 0, 0, 33.33%, 4, 0, 2, 13625.05, 15481054, 17, 146115, 0
1046, 31101, 4, 8, 0, 0, 33.33%, 4, 0, 2, 13824.44, 15550555, 17, 147713, 0
1051, 31235, 1, 8, 0, 0, 33.33%, 4, 0, 2, 13004.69, 15617554, 17, 148867, 0
1056, 31394, 7, 8, 0, 0, 33.33%, 4, 0, 2, 15614.80, 15697354, 17, 150284, 0
1061, 31557, 7, 8, 0, 0, 33.33%, 4, 0, 2, 15970.47, 15778854, 17, 151416, 0
1066, 31717, 6, 8, 0, 0, 33.33%, 4, 0, 2, 15559.71, 15858754, 17, 152757, 0
1071, 31876, 0, 8, 0, 0, 33.33%, 4, 0, 2, 15181.86, 15937954, 17, 154279, 0
1077, 32004, 1, 8, 0, 0, 33.33%, 4, 0, 2, 13288.30, 16002054, 17, 155631, 0
1082, 32133, 0, 8, 0, 0, 33.33%, 4, 0, 2, 12899.44, 16066454, 17, 156940, 0
1087, 32263, 0, 8, 0, 0, 33.33%, 4, 0, 2, 12709.61, 16131454, 17, 158295, 0
1092, 32379, 4, 8, 0, 0, 33.33%, 4, 0, 2, 11857.07, 16189654, 17, 159405, 0
1097, 32509, 4, 8, 0, 0, 33.33%, 4, 0, 2, 12865.14, 16254654, 17, 160357, 0
1102, 32633, 7, 8, 0, 0, 33.33%, 4, 0, 2, 12284.97, 16316854, 17, 161483, 0
1107, 32757, 6, 8, 0, 0, 33.33%, 4, 0, 2, 12407.11, 16378754, 17, 162461, 0
1112, 32882, 0, 8, 0, 0, 33.33%, 4, 0, 2, 12399.83, 16440954, 17, 163299, 0
1117, 33017, 0, 8, 0, 0, 33.33%, 4, 0, 2, 13377.06, 16508454, 17, 164636, 0
1122, 33135, 6, 8, 0, 0, 33.33%, 4, 0, 2, 12096.31, 16567754, 17, 165922, 0
1127, 33264, 1, 8, 0, 0, 33.33%, 4, 0, 2, 12505.58, 16632054, 17, 167395, 0
1133, 33380, 1, 8, 0, 0, 33.33%, 4, 0, 2, 11875.17, 16690054, 17, 168528, 0
1138, 33503, 1, 8, 0, 0, 33.33%, 4, 0, 2, 12033.36, 16751554, 17, 169775, 0
1143, 33631, 4, 8, 0, 0, 33.33%, 4, 0, 2, 12352.05, 16815654, 17, 170838, 0
1148, 33751, 6, 8, 0, 0, 33.33%, 4, 0, 2, 11850.48, 16875754, 17, 171844, 0
1153, 33873, 0, 8, 0, 0, 33.33%, 4, 0, 2, 12371.34, 16936454, 17, 172841, 0
1158, 33984, 7, 8, 0, 0, 33.33%, 4, 0, 2, 10693.97, 16992354, 17, 173842, 0
1163, 34101, 1, 8, 0, 0, 33.33%, 4, 0, 2, 11157.71, 17050554, 17, 175070, 0
1168, 34225, 6, 8, 0, 0, 33.33%, 4, 0, 2, 12597.68, 17112754, 17, 176222, 0
1173, 34365, 1, 8, 0, 0, 33.33%, 4, 0, 2, 13592.44, 17182554, 17, 177298, 0
1179, 34479, 6, 8, 0, 0, 33.33%, 4, 0, 2, 11760.63, 17239754, 17, 178173, 0
1184, 34601, 6, 8, 0, 0, 33.33%, 4, 0, 2, 11729.54, 17300754, 17, 179268, 0
1189, 34698, 6, 8, 0, 0, 33.33%, 4, 0, 2, 10254.83, 17349254, 17, 180138, 0
1194, 34832, 7, 8, 0, 0, 33.33%, 4, 0, 2, 11869.84, 17416354, 17, 181658, 0
1199, 34972, 0, 8, 0, 0, 33.33%, 4, 0, 2, 13613.72, 17485954, 17, 182426, 0
1204, 35111, 6, 8, 0, 0, 33.33%, 4, 0, 2, 12806.01, 17555754, 17, 184027, 0
1209, 35236, 1, 8, 0, 0, 33.33%, 4, 0, 2, 11616.68, 17618054, 17, 184809, 0
1214, 35369, 7, 8, 0, 0, 33.33%, 4, 0, 2, 12617.38, 17684854, 17, 185804, 0
1219, 35493, 6, 8, 0, 0, 33.33%, 4, 0, 2, 12245.01, 17746754, 17, 187554, 0
1225, 35629, 6, 8, 0, 0, 33.33%, 4, 0, 2, 12965.62, 17814754, 17, 188705, 0
1230, 35739, 6, 8, 0, 0, 33.33%, 4, 0, 2, 10706.44, 17869754, 17, 189441, 0
1235, 35866, 4, 8, 0, 0, 33.33%, 4, 0, 2, 12253.10, 17933154, 17, 190717, 0
1240, 35994, 0, 8, 0, 0, 33.33%, 4, 0, 2, 12312.21, 17996954, 17, 191530, 0
1245, 36113, 4, 8, 0, 0, 33.33%, 4, 0, 2, 11574.35, 18056654, 17, 192854, 0
1250, 36254, 1, 8, 0, 0, 33.33%, 4, 0, 2, 13667.69, 18127054, 17, 194281, 0
1255, 36399, 4, 8, 0, 0, 33.33%, 4, 0, 2, 14118.77, 18199654, 17, 195432, 0
1260, 36546, 4, 8, 0, 0, 33.33%, 4, 0, 2, 14513.09, 18273154, 17, 197056, 0
1265, 36662, 6, 8, 0, 0, 33.33%, 4, 0, 2, 11703.75, 18331254, 17, 197828, 0
1270, 36760, 4, 8, 0, 0, 33.33%, 4, 0, 2, 9196.71, 18380154, 17, 198606, 0
1276, 36888, 7, 8, 0, 0, 33.33%, 4, 0, 2, 12240.34, 18444354, 17, 199828, 0
1281, 37019, 4, 8, 0, 0, 33.33%, 4, 0, 2, 12825.97, 18509654, 17, 200949, 0
1286, 37146, 0, 8, 0, 0, 33.33%, 4, 0, 2, 12581.56, 18572954, 17, 202026, 0
1291, 37270, 4, 8, 0, 0, 33.33%, 4, 0, 2, 12183.13, 18635154, 17, 203405, 0
1296, 37383, 6, 8, 0, 0, 33.33%, 4, 0, 2, 11156.46, 18691754, 17, 204303, 0
1301, 37512, 6, 8, 0, 0, 33.33%, 4, 0, 2, 12279.41, 18756254, 17, 205306, 0
1306, 37631, 7, 8, 0, 0, 33.33%, 4, 0, 2, 12089.19, 18815854, 17, 206278, 0
1311, 37761, 7, 8, 0, 0, 33.33%, 4, 0, 2, 13080.87, 18880854, 17, 207207, 0
1316, 37884, 1, 8, 0, 0, 33.33%, 4, 0, 2, 12426.50, 18942054, 17, 208190, 0
1321, 38005, 0, 8, 0, 0, 33.33%, 4, 0, 2, 11572.64, 19002454, 17, 209426, 0
1327, 38147, 4, 8, 0, 0, 33.33%, 4, 0, 2, 13603.55, 19073654, 17, 210840, 0
1332, 38280, 6, 8, 0, 0, 33.33%, 4, 0, 2, 12861.64, 19140254, 17, 212169, 0
1337, 38418, 0, 8, 0, 0, 33.33%, 4, 0, 2, 13722.67, 19208954, 17, 213233, 0
1342, 38547, 6, 8, 0, 0, 33.33%, 4, 0, 2, 13157.60, 19273754, 17, 214078, 0
1347, 38657, 1, 8, 0, 0, 33.33%, 4, 0, 2, 11542.17, 19328554, 17, 215411, 0
1352, 38801, 0, 8, 0, 0, 33.33%, 4, 0, 2, 13500.28, 19400454, 17, 216416, 0
1357, 38917, 6, 8, 0, 0, 33.33%, 4, 0, 2, 11643.97, 19458754, 17, 217373, 0
1362, 39024, 1, 8, 0, 0, 33.33%, 4, 0, 2, 10594.74, 19512054, 17, 218559, 0
1367, 39187, 1, 8, 0, 0, 33.33%, 4, 0, 2, 15324.11, 19593554, 17, 220071, 0
1372, 39345, 6, 8, 0, 0, 33.33%, 4, 0, 2, 15509.78, 19672754, 17, 221834, 0
1377, 39519, 4, 8, 0, 0, 33.33%, 4, 0, 2, 17006.45, 19759654, 17, 223051, 0
1383, 39697, 6, 8, 0, 0, 33.33%, 4, 0, 2, 17453.93, 19848754, 17, 224208, 0
1388, 39858, 7, 8, 0, 0, 33.33%, 4, 0, 2, 16003.47, 19929354, 17, 225811, 0
1393, 40025, 1, 8, 0, 0, 33.33%, 4, 0, 2, 16034.78, 20012554, 17, 227491, 0
1398, 40177, 1, 8, 0, 0, 33.33%, 4, 0, 2, 15545.22, 20088554, 17, 229046, 0
1403, 40349, 7, 8, 0, 0, 33.33%, 4, 0, 2, 16693.07, 20174854, 17, 231025, 0
1408, 40515, 0, 8, 0, 0, 33.33%, 4, 0, 2, 16279.61, 20257454, 17, 232656, 0
1413, 40688, 4, 8, 0, 0, 33.33%, 4, 0, 2, 17002.58, 20344154, 17, 234464, 0
1418, 40846, 1, 8, 0, 0, 33.33%, 4, 0, 2, 16085.73, 20423054, 17, 236164, 0
1423, 41021, 6, 8, 0, 0, 33.33%, 4, 0, 2, 17195.09, 20510754, 17, 237746, 0
1428, 41194, 6, 8, 0, 0, 33.33%, 4, 0, 2, 16546.02, 20597254, 17, 239234, 0
1433, 41355, 0, 8, 0, 0, 33.33%, 4, 0, 2, 15715.05, 20677454, 17, 241055, 0
1438, 41507, 1, 8, 0, 0, 33.33%, 4, 0, 2, 14616.62, 20753554, 17, 242489, 0
1443, 41643, 1, 8, 0, 0, 33.33%, 4, 0, 2, 13511.85, 20821554, 17, 243780, 0
1448, 41781, 7, 8, 0, 0, 33.33%, 4, 0, 2, 13741.52, 20890854, 17, 245046, 0
1454, 41914, 1, 8, 0, 0, 33.33%, 4, 0, 2, 13316.07, 20957054, 17, 246212, 0
1459, 42070, 1, 8, 0, 0, 33.33%, 4, 0, 2, 15376.81, 21035054, 17, 247345, 0
1464, 42239, 1, 8, 0, 0, 33.33%, 4, 0, 2, 16439.31, 21119554, 17, 248868, 0
1469, 42412, 1, 8, 0, 0, 33.33%, 4, 0, 2, 17024.12, 21206054, 17, 250152, 0
1474, 42587, 1, 8, 0, 0, 33.33%, 4, 0, 2, 17103.68, 21293554, 17, 251412, 0
1479, 42730, 6, 8, 0, 0, 33.33%, 4, 0, 2, 14971.21, 21365254, 17, 253102, 0
1484, 42898, 1, 8, 0, 0, 33.33%, 4, 0, 2, 16100.98, 21449054, 17, 254808, 0
1489, 43062, 1, 8, 0, 0, 33.33%, 4, 0, 2, 16309.68, 21531054, 17, 256319, 0
1494, 43230, 6, 8, 0, 0, 33.33%, 4, 0, 2, 16802.66, 21615254, 17, 257959, 0
1499, 43399, 7, 8, 0, 0, 33.33%, 4, 0, 2, 16645.86, 21699854, 17, 259504, 0
1504, 43568, 4, 8, 0, 0, 33.33%, 4, 0, 2, 16583.78, 21784154, 17, 261160, 0
1509, 43737, 4, 8, 0, 0, 33.33%, 4, 0, 2, 16512.58, 21868654, 17, 262631, 0
1514, 43910, 4, 8, 0, 0, 33.33%, 4, 0, 2, 16836.81, 21955154, 17, 264031, 0
1519, 44071, 6, 8, 0, 0, 33.33%, 4, 0, 2, 15928.33, 22035754, 17, 265475, 0
1524, 44222, 0, 8, 0, 0, 33.33%, 4, 0, 2, 15580.79, 22110954, 17, 266687, 0
1530, 44390, 1, 8, 0, 0, 33.33%, 4, 0, 2, 16479.06, 22195054, 17, 268395, 0
1535, 44553, 7, 8, 0, 0, 33.33%, 4, 0, 2, 16253.85, 22276854, 17, 269652, 0
1540, 44717, 4, 8, 0, 0, 33.33%, 4, 0, 2, 16262.92, 22358654, 17, 271473, 0
1545, 44875, 4, 8, 0, 0, 33.33%, 4, 0, 2, 15205.67, 22437654, 17, 273166, 0
1550, 45002, 1, 8, 0, 0, 33.33%, 4, 0, 2, 13412.59, 22501054, 17, 274197, 0
1555, 45124, 7, 8, 0, 0, 33.33%, 4, 0, 2, 12544.99, 22562354, 17, 275480, 0
1560, 45262, 6, 8, 0, 0, 33.33%, 4, 0, 2, 12734.97, 22631254, 17, 276837, 0
1565, 45402, 4, 8, 0, 0, 33.33%, 4, 0, 2, 13695.90, 22701154, 17, 277874, 0
1570, 45500, 7, 8, 0, 0, 33.33%, 4, 0, 2, 8941.14, 22750354, 17, 278725, 0
1575, 45566, 1, 8, 0, 0, 33.33%, 4, 0, 2, 7419.48, 22783054, 17, 279422, 0
1580, 45616, 1, 8, 0, 0, 33.33%, 4, 0, 2, 5022.18, 22808054, 17, 280063, 0
1586, 45735, 0, 8, 0, 0, 33.33%, 4, 0, 2, 12203.74, 22867454, 17, 280905, 0
1591, 45877, 0, 8, 0, 0, 33.33%, 4, 0, 2, 13185.67, 22938454, 17, 282170, 0
1596, 45998, 4, 8, 0, 0, 33.33%, 4, 0, 2, 12445.51, 22999154, 17, 282987, 0
1601, 46128, 0, 8, 0, 0, 33.33%, 4, 0, 2, 12618.98, 23063954, 17, 284018, 0
1606, 46255, 6, 8, 0, 0, 33.33%, 4, 0, 2, 12719.70, 23127754, 17, 284910, 0
1611, 46367, 6, 8, 0, 0, 33.33%, 4, 0, 2, 10632.70, 23183754, 17, 286018, 0
1616, 46499, 7, 8, 0, 0, 33.33%, 4, 0, 2, 12687.11, 23249854, 17, 287247, 0
1621, 46631, 4, 8, 0, 0, 33.33%, 4, 0, 2, 13180.41, 23315654, 17, 288521, 0
1626, 46758, 6, 8, 0, 0, 33.33%, 4, 0, 2, 11844.92, 23379254, 17, 289399, 0
1631, 46883, 1, 8, 0, 0, 33.33%, 4, 0, 2, 12044.60, 23441554, 17, 290494, 0
1637, 47033, 7, 8, 0, 0, 33.33%, 4, 0, 2, 14181.56, 23516854, 17, 291659, 0
1642, 47149, 0, 8, 0, 0, 33.33%, 4, 0, 2, 11303.20, 23574454, 17, 292837, 0
1647, 47277, 1, 8, 0, 0, 33.33%, 4, 0, 2, 12421.85, 23638554, 17, 294187, 0
1652, 47404, 1, 8, 0, 0, 33.33%, 4, 0, 2, 12463.46, 23702054, 17, 295220, 0
1657, 47533, 7, 8, 0, 0, 33.33%, 4, 0, 2, 12888.75, 23766854, 17, 296316, 0
1662, 47652, 6, 8, 0, 0, 33.33%, 4, 0, 2, 11841.82, 23826254, 17, 297229, 0
1667, 47791, 1, 8, 0, 0, 33.33%, 4, 0, 2, 13102.42, 23895554, 17, 298628, 0
1672, 47915, 6, 8, 0, 0, 33.33%, 4, 0, 2, 11757.49, 23957754, 17, 299215, 0
1677, 48050, 4, 8, 0, 0, 33.33%, 4, 0, 2, 12988.04, 24025154, 17, 300411, 0
1682, 48162, 7, 8, 0, 0, 33.33%, 4, 0, 2, 10618.10, 24081354, 17, 301511, 0
1688, 48257, 4, 8, 0, 0, 33.33%, 4, 0, 2, 10375.72, 24128654, 17, 302191, 0
1693, 48393, 6, 8, 0, 0, 33.33%, 4, 0, 2, 13023.96, 24196754, 17, 303302, 0
1698, 48541, 7, 8, 0, 0, 33.33%, 4, 0, 2, 14274.58, 24270854, 17, 304646, 0
1703, 48677, 7, 8, 0, 0, 33.33%, 4, 0, 2, 13696.25, 24338854, 17, 305724, 0
1708, 48820, 7, 8, 0, 0, 33.33%, 4, 0, 2, 14119.45, 24410354, 17, 306814, 0
1713, 48950, 0, 8, 0, 0, 33.33%, 4, 0, 2, 13006.96, 24474954, 17, 308074, 0
1718, 49070, 7, 8, 0, 0, 33.33%, 4, 0, 2, 12483.65, 24535354, 17, 308978, 0
1723, 49192, 4, 8, 0, 0, 33.33%, 4, 0, 2, 11792.60, 24596154, 17, 310030, 0
1728, 49335, 1, 8, 0, 0, 33.33%, 4, 0, 2, 13635.13, 24667554, 17, 311460, 0
1733, 49479, 0, 8, 0, 0, 33.33%, 4, 0, 2, 13333.99, 24739454, 17, 312626, 0
1738, 49614, 1, 8, 0, 0, 33.33%, 4, 0, 2, 13705.89, 24807054, 17, 313737, 0
1743, 49747, 7, 8, 0, 0, 33.33%, 4, 0, 2, 13368.66, 24873854, 17, 314981, 0
1749, 49889, 1, 8, 0, 0, 33.33%, 4, 0, 2, 14006.95, 24944554, 17, 316418, 0
1754, 50030, 7, 8, 0, 0, 33.33%, 4, 0, 2, 13970.81, 25015354, 17, 317355, 0
1759, 50168, 6, 8, 0, 0, 33.33%, 4, 0, 2, 13836.32, 25084254, 17, 318461, 0
1764, 50335, 0, 8, 0, 0, 33.33%, 4, 0, 2, 16225.79, 25167454, 17, 319797, 0
1769, 50495, 4, 8, 0, 0, 33.33%, 4, 0, 2, 15711.95, 25247654, 17, 321310, 0
1774, 50671, 7, 8, 0, 0, 33.33%, 4, 0, 2, 17059.31, 25335854, 17, 322692, 0
1779, 50846, 1, 8, 0, 0, 33.33%, 4, 0, 2, 17271.94, 25423054, 17, 324129, 0
1784, 50998, 6, 8, 0, 0, 33.33%, 4, 0, 2, 15757.56, 25499254, 17, 325666, 0
1789, 51161, 4, 8, 0, 0, 33.33%, 4, 0, 2, 15679.59, 25580654, 17, 327829, 0
1794, 51321, 4, 8, 0, 0, 33.33%, 4, 0, 2, 15913.46, 25660654, 17, 329146, 0
1799, 51491, 7, 8, 0, 0, 33.33%, 4, 0, 2, 16606.07, 25745854, 17, 330781, 0
1804, 51658, 1, 8, 0, 0, 33.33%, 4, 0, 2, 16283.68, 25829054, 17, 332102, 0
1809, 51828, 7, 8, 0, 0, 33.33%, 4, 0, 2, 16647.29, 25914354, 17, 333509, 0
1815, 51979, 7, 8, 0, 0, 33.33%, 4, 0, 2, 14659.13, 25989854, 17, 334926, 0
1820, 52101, 7, 8, 0, 0, 33.33%, 4, 0, 2, 12722.98, 26050854, 17, 336088, 0
1825, 52221, 4, 8, 0, 0, 33.33%, 4, 0, 2, 11391.77, 26110654, 17, 337015, 0
1830, 52313, 1, 8, 0, 0, 33.33%, 4, 0, 2, 9360.78, 26156554, 17, 337799, 0
1835, 52442, 0, 8, 0, 0, 33.33%, 4, 0, 2, 11581.67, 26220954, 17, 338760, 0
1840, 52582, 4, 8, 0, 0, 33.33%, 4, 0, 2, 13684.64, 26291154, 17, 339885, 0
1845, 52702, 4, 8, 0, 0, 33.33%, 4, 0, 2, 11706.48, 26351154, 17, 340931, 0
1850, 52802, 6, 8, 0, 0, 33.33%, 4, 0, 2, 10935.47, 26401254, 17, 341746, 0
1855, 52939, 6, 8, 0, 0, 33.33%, 4, 0, 2, 12892.83, 26469754, 17, 343315, 0
1860, 53075, 6, 8, 0, 0, 33.33%, 4, 0, 2, 13508.81, 26537754, 17, 344336, 0
1866, 53212, 4, 8, 0, 0, 33.33%, 4, 0, 2, 13137.00, 26606154, 17, 345442, 0
1871, 53340, 1, 8, 0, 0, 33.33%, 4, 0, 2, 12396.24, 26670054, 17, 346548, 0
1876, 53460, 0, 8, 0, 0, 33.33%, 4, 0, 2, 11762.32, 26729954, 17, 347518, 0
1881, 53595, 6, 8, 0, 0, 33.33%, 4, 0, 2, 13448.17, 26797754, 17, 348704, 0
1886, 53730, 4, 8, 0, 0, 33.33%, 4, 0, 2, 13147.16, 26865154, 17, 349923, 0
1891, 53874, 1, 8, 0, 0, 33.33%, 4, 0, 2, 13979.51, 26937054, 17, 351026, 0
1896, 54027, 6, 8, 0, 0, 33.33%, 4, 0, 2, 14869.62, 27013754, 17, 351791, 0
1901, 54170, 4, 8, 0, 0, 33.33%, 4, 0, 2, 13986.25, 27085154, 17, 353036, 0
1906, 54322, 0, 8, 0, 0, 33.33%, 4, 0, 2, 14706.03, 27160954, 17, 354565, 0
1911, 54460, 7, 8, 0, 0, 33.33%, 4, 0, 2, 13718.23, 27230354, 17, 355818, 0
1916, 54602, 4, 8, 0, 0, 33.33%, 4, 0, 2, 14841.53, 27301154, 17, 356957, 0
1922, 54761, 0, 8, 0, 0, 33.33%, 4, 0, 2, 15110.16, 27380454, 17, 358053, 0
1927, 54873, 1, 8, 0, 0, 33.33%, 4, 0, 2, 12143.19, 27436554, 17, 359033, 0
1932, 55000, 0, 8, 0, 0, 33.33%, 4, 0, 2, 12654.71, 27499954, 17, 359994, 0
1937, 55141, 7, 8, 0, 0, 33.33%, 4, 0, 2, 13656.31, 27570854, 17, 361404, 0
1942, 55273, 7, 8, 0, 0, 33.33%, 4, 0, 2, 13254.38, 27636854, 17, 362794, 0
1947, 55419, 1, 8, 0, 0, 33.33%, 4, 0, 2, 14076.83, 27709554, 17, 363886, 0
1952, 55546, 0, 8, 0, 0, 33.33%, 4, 0, 2, 12805.46, 27772954, 17, 365491, 0
1957, 55687, 0, 8, 0, 0, 33.33%, 4, 0, 2, 13627.38, 27843454, 17, 366865, 0
1962, 55830, 0, 8, 0, 0, 33.33%, 4, 0, 2, 13895.94, 27914954, 17, 367775, 0
1967, 55969, 6, 8, 0, 0, 33.33%, 4, 0, 2, 13843.84, 27984754, 17, 368732, 0
1972, 56113, 6, 8, 0, 0, 33.33%, 4, 0, 2, 14151.42, 28056754, 17, 369871, 0
1977, 56254, 7, 8, 0, 0, 33.33%, 4, 0, 2, 14022.34, 28127354, 17, 371263, 0
1983, 56399, 1, 8, 0, 0, 33.33%, 4, 0, 2, 14084.02, 28199554, 17, 372677, 0
1988, 56545, 0, 8, 0, 0, 33.33%, 4, 0, 2, 14266.15, 28272454, 17, 373852, 0
1993, 56672, 6, 8, 0, 0, 33.33%, 4, 0, 2, 12754.25, 28336254, 17, 375437, 0
1998, 56809, 6, 8, 0, 0, 33.33%, 4, 0, 2, 13361.91, 28404754, 17, 376892, 0
2003, 56949, 4, 8, 0, 0, 33.33%, 4, 0, 2, 13618.51, 28474654, 17, 377906, 0
2008, 57086, 6, 8, 0, 0, 33.33%, 4, 0, 2, 13519.34, 28543254, 17, 379055, 0
2013, 57227, 4, 8, 0, 0, 33.33%, 4, 0, 2, 13865.30, 28613654, 17, 380110, 0
2018, 57344, 4, 8, 0, 0, 33.33%, 4, 0, 2, 12292.01, 28672154, 17, 381428, 0
2023, 57480, 0, 8, 0, 0, 33.33%, 4, 0, 2, 13346.74, 28739954, 17, 382721, 0
2028, 57594, 0, 8, 0, 0, 33.33%, 4, 0, 2, 11613.60, 28796954, 17, 383779, 0
2033, 57667, 1, 8, 0, 0, 33.33%, 4, 0, 2, 7533.58, 28833554, 17, 384457, 0
2039, 57736, 1, 8, 0, 0, 33.33%, 4, 0, 2, 7442.38, 28868054, 17, 385304, 0
2044, 57860, 1, 8, 0, 0, 33.33%, 4, 0, 2, 11248.39, 28930054, 17, 386299, 0
2049, 57979, 0, 8, 0, 0, 33.33%, 4, 0, 2, 11250.66, 28989454, 17, 387408, 0
2054, 58092, 4, 8, 0, 0, 33.33%, 4, 0, 2, 11020.92, 29046154, 17, 388447, 0
2059, 58202, 0, 8, 0, 0, 33.33%, 4, 0, 2, 11031.84, 29100954, 17, 389609, 0
2064, 58327, 0, 8, 0, 0, 33.33%, 4, 0, 2, 12094.20, 29163454, 17, 390536, 0
2069, 58435, 0, 8, 0, 0, 33.33%, 4, 0, 2, 10440.38, 29217454, 17, 391584, 0
2074, 58537, 4, 8, 0, 0, 33.33%, 4, 0, 2, 10546.79, 29268654, 17, 392448, 0
2079, 58657, 0, 8, 0, 0, 33.33%, 4, 0, 2, 11206.50, 29328454, 17, 393367, 0
2085, 58771, 7, 8, 0, 0, 33.33%, 4, 0, 2, 11482.62, 29385854, 17, 394405, 0
2090, 58879, 1, 8, 0, 0, 33.33%, 4, 0, 2, 11355.78, 29439554, 17, 395025, 0
2095, 59004, 7, 8, 0, 0, 33.33%, 4, 0, 2, 11785.49, 29502354, 17, 396145, 0
2100, 59091, 0, 8, 0, 0, 33.33%, 4, 0, 2, 9234.77, 29545454, 17, 397020, 0
2105, 59222, 7, 8, 0, 0, 33.33%, 4, 0, 2, 11930.42, 29611354, 17, 398147, 0
2110, 59334, 1, 8, 0, 0, 33.33%, 4, 0, 2, 11396.71, 29667054, 17, 399622, 0
2115, 59460, 0, 8, 0, 0, 33.33%, 4, 0, 2, 12008.44, 29729954, 17, 400732, 0
2120, 59579, 4, 8, 0, 0, 33.33%, 4, 0, 2, 11190.54, 29789654, 17, 401941, 0
2125, 59691, 1, 8, 0, 0, 33.33%, 4, 0, 2, 11161.01, 29845554, 17, 402737, 0
2131, 59805, 7, 8, 0, 0, 33.33%, 4, 0, 2, 11474.88, 29902854, 17, 404166, 0
2136, 59924, 6, 8, 0, 0, 33.33%, 4, 0, 2, 11509.15, 29962254, 17, 405361, 0
2141, 60044, 1, 8, 0, 0, 33.33%, 4, 0, 2, 11862.96, 30022054, 17, 406197, 0
2146, 60166, 7, 8, 0, 0, 33.33%, 4, 0, 2, 12011.71, 30083354, 17, 407376, 0
2151, 60310, 0, 8, 0, 0, 33.33%, 4, 0, 2, 13600.39, 30154954, 17, 408338, 0
2156, 60433, 7, 8, 0, 0, 33.33%, 4, 0, 2, 12376.50, 30216854, 17, 409337, 0
2161, 60560, 7, 8, 0, 0, 33.33%, 4, 0, 2, 12598.81, 30280354, 17, 410339, 0
2166, 60688, 6, 8, 0, 0, 33.33%, 4, 0, 2, 12305.38, 30344254, 17, 411306, 0
2171, 60821, 7, 8, 0, 0, 33.33%, 4, 0, 2, 13404.85, 30410854, 17, 412328, 0
2176, 60950, 4, 8, 0, 0, 33.33%, 4, 0, 2, 12596.99, 30475154, 17, 413646, 0
2181, 61075, 1, 8, 0, 0, 33.33%, 4, 0, 2, 12283.52, 30537554, 17, 414877, 0
2187, 61204, 0, 8, 0, 0, 33.33%, 4, 0, 2, 12341.10, 30601954, 17, 415901, 0
2192, 61330, 6, 8, 0, 0, 33.33%, 4, 0, 2, 12027.58, 30665254, 17, 416868, 0
2197, 61465, 4, 8, 0, 0, 33.33%, 4, 0, 2, 13129.23, 30732654, 17, 417909, 0
2202, 61596, 0, 8, 0, 0, 33.33%, 4, 0, 2, 12922.21, 30797954, 17, 418966, 0
2207, 61725, 6, 8, 0, 0, 33.33%, 4, 0, 2, 12895.63, 30862754, 17, 420156, 0
2212, 61858, 6, 8, 0, 0, 33.33%, 4, 0, 2, 13351.98, 30929254, 17, 421192, 0
2217, 61991, 4, 8, 0, 0, 33.33%, 4, 0, 2, 13133.96, 30995654, 17, 422347, 0
2222, 62111, 4, 8, 0, 0, 33.33%, 4, 0, 2, 12050.09, 31055654, 17, 423703, 0
2227, 62239, 4, 8, 0, 0, 33.33%, 4, 0, 2, 12670.89, 31119654, 17, 424731, 0
2232, 62369, 0, 8, 0, 0, 33.33%, 4, 0, 2, 12917.38, 31184454, 17, 425613, 0
2237, 62494, 7, 8, 0, 0, 33.33%, 4, 0, 2, 12813.22, 31247354, 17, 426687, 0
2243, 62622, 4, 8, 0, 0, 33.33%, 4, 0, 2, 12269.26, 31311154, 17, 427803, 0
2248, 62753, 8, 8, 0, 0, 33.33%, 4, 0, 2, 12962.38, 31376854, 17, 428909, 0
2253, 62886, 1, 8, 0, 0, 33.33%, 4, 0, 2, 13208.13, 31443054, 17, 429830, 0
2258, 63016, 4, 8, 0, 0, 33.33%, 4, 0, 2, 13138.75, 31508154, 17, 431010, 0
2263, 63142, 1, 8, 0, 0, 33.33%, 4, 0, 2, 12495.79, 31571054, 17, 431936, 0
2268, 63262, 6, 8, 0, 0, 33.33%, 4, 0, 2, 12160.93, 31631254, 17, 433029, 0
2273, 63396, 4, 8, 0, 0, 33.33%, 4, 0, 2, 13001.10, 31698154, 17, 433955, 0
2278, 63532, 0, 8, 0, 0, 33.33%, 4, 0, 2, 13557.72, 31765954, 17, 434825, 0
2283, 63662, 6, 8, 0, 0, 33.33%, 4, 0, 2, 13184.91, 31831254, 17, 435933, 0
2288, 63787, 6, 8, 0, 0, 33.33%, 4, 0, 2, 12619.58, 31893754, 17, 437129, 0
2293, 63912, 4, 8, 0, 0, 33.33%, 4, 0, 2, 12266.16, 31956154, 17, 438146, 0
2299, 64041, 4, 8, 0, 0, 33.33%, 4, 0, 2, 12582.06, 32020654, 17, 439543, 0
2304, 64168, 0, 8, 0, 0, 33.33%, 4, 0, 2, 12554.39, 32083954, 17, 440845, 0
2309, 64296, 0, 8, 0, 0, 33.33%, 4, 0, 2, 12522.70, 32147954, 17, 442115, 0
2314, 64419, 0, 8, 0, 0, 33.33%, 4, 0, 2, 12148.55, 32209454, 17, 443461, 0
2319, 64551, 6, 8, 0, 0, 33.33%, 4, 0, 2, 12568.13, 32275754, 17, 444613, 0
2324, 64665, 1, 8, 0, 0, 33.33%, 4, 0, 2, 11661.51, 32332554, 17, 445892, 0
2329, 64792, 0, 8, 0, 0, 33.33%, 4, 0, 2, 12025.97, 32395954, 17, 446927, 0
2334, 64925, 1, 8, 0, 0, 33.33%, 4, 0, 2, 13309.52, 32462554, 17, 447892, 0
2339, 65057, 1, 8, 0, 0, 33.33%, 4, 0, 2, 12904.02, 32528554, 17, 448749, 0
2344, 65181, 4, 8, 0, 0, 33.33%, 4, 0, 2, 12338.19, 32590654, 17, 450124, 0
2349, 65322, 7, 8, 0, 0, 33.33%, 4, 0, 2, 13566.92, 32661354, 17, 451268, 0
2354, 65445, 4, 8, 0, 0, 33.33%, 4, 0, 2, 12003.84, 32722654, 17, 452182, 0
2360, 65568, 7, 8, 0, 0, 33.33%, 4, 0, 2, 11822.11, 32784354, 17, 453370, 0
2365, 65695, 7, 8, 0, 0, 33.33%, 4, 0, 2, 12222.75, 32847854, 17, 454594, 0
2370, 65826, 4, 8, 0, 0, 33.33%, 4, 0, 2, 12459.60, 32913154, 17, 455562, 0
2375, 65965, 0, 8, 0, 0, 33.33%, 4, 0, 2, 13310.60, 32982454, 17, 456559, 0
2380, 66086, 1, 8, 0, 0, 33.33%, 4, 0, 2, 12260.11, 33043054, 17, 457664, 0
2385, 66201, 4, 8, 0, 0, 33.33%, 4, 0, 2, 11475.10, 33100654, 17, 458896, 0
2390, 66317, 1, 8, 0, 0, 33.33%, 4, 0, 2, 11382.04, 33158554, 17, 460096, 0
2395, 66428, 4, 8, 0, 0, 33.33%, 4, 0, 2, 10843.55, 33214154, 17, 461198, 0
2400, 66548, 1, 8, 0, 0, 33.33%, 4, 0, 2, 11362.58, 33274054, 17, 462635, 0
2405, 66675, 7, 8, 0, 0, 33.33%, 4, 0, 2, 12261.78, 33337854, 17, 463725, 0
2410, 66802, 7, 8, 0, 0, 33.33%, 4, 0, 2, 12561.07, 33401354, 17, 464854, 0
2416, 66926, 1, 8, 0, 0, 33.33%, 4, 0, 2, 11770.36, 33463054, 17, 466016, 0
2421, 67041, 1, 8, 0, 0, 33.33%, 4, 0, 2, 11647.32, 33520554, 17, 467597, 0
2426, 67156, 4, 8, 0, 0, 33.33%, 4, 0, 2, 11452.58, 33578154, 17, 468771, 0
2431, 67263, 1, 8, 0, 0, 33.33%, 4, 0, 2, 10561.45, 33631554, 17, 469636, 0
2436, 67355, 4, 8, 0, 0, 33.33%, 4, 0, 2, 9508.68, 33677654, 17, 470331, 0
2441, 67469, 6, 8, 0, 0, 33.33%, 4, 0, 2, 10858.17, 33734754, 17, 471014, 0
2446, 67578, 4, 8, 0, 0, 33.33%, 4, 0, 2, 10797.56, 33789154, 17, 471837, 0
2451, 67684, 7, 8, 0, 0, 33.33%, 4, 0, 2, 10711.79, 33842354, 17, 472546, 0
2456, 67799, 4, 8, 0, 0, 33.33%, 4, 0, 2, 11116.70, 33899654, 17, 473422, 0
2462, 67909, 0, 8, 0, 0, 33.33%, 4, 0, 2, 10736.42, 33954454, 17, 474183, 0
2467, 68015, 1, 8, 0, 0, 33.33%, 4, 0, 2, 10286.43, 34007554, 17, 474878, 0
2472, 68121, 7, 8, 0, 0, 33.33%, 4, 0, 2, 10011.76, 34060854, 17, 475709, 0
2477, 68250, 4, 8, 0, 0, 33.33%, 4, 0, 2, 11968.89, 34125154, 17, 476711, 0
2482, 68376, 7, 8, 0, 0, 33.33%, 4, 0, 2, 12118.00, 34188354, 17, 477806, 0
2487, 68500, 7, 8, 0, 0, 33.33%, 4, 0, 2, 12341.32, 34250354, 17, 479088, 0
2492, 68622, 6, 8, 0, 0, 33.33%, 4, 0, 2, 12053.62, 34311254, 17, 480446, 0
2497, 68747, 7, 8, 0, 0, 33.33%, 4, 0, 2, 12243.15, 34373854, 17, 481731, 0
2502, 68874, 1, 8, 0, 0, 33.33%, 4, 0, 2, 12437.64, 34437054, 17, 482895, 0
2507, 69011, 0, 8, 0, 0, 33.33%, 4, 0, 2, 12891.37, 34505454, 17, 483788, 0
2513, 69138, 4, 8, 0, 0, 33.33%, 4, 0, 2, 12899.23, 34569154, 17, 484844, 0
2518, 69273, 0, 8, 0, 0, 33.33%, 4, 0, 2, 13449.44, 34636454, 17, 485722, 0
2523, 69415, 4, 8, 0, 0, 33.33%, 4, 0, 2, 13892.92, 34707654, 17, 486880, 0
2528, 69542, 0, 8, 0, 0, 33.33%, 4, 0, 2, 13020.42, 34770954, 17, 488219, 0
2533, 69670, 7, 8, 0, 0, 33.33%, 4, 0, 2, 12782.34, 34835354, 17, 488999, 0
2538, 69797, 6, 8, 0, 0, 33.33%, 4, 0, 2, 12880.64, 34898754, 17, 490198, 0
2543, 69921, 6, 8, 0, 0, 33.33%, 4, 0, 2, 12607.20, 34960754, 17, 491152, 0
2548, 70050, 0, 8, 0, 0, 33.33%, 4, 0, 2, 12383.32, 35024954, 17, 492438, 0
2553, 70182, 6, 8, 0, 0, 33.33%, 4, 0, 2, 12640.25, 35091254, 17, 493517, 0
2558, 70317, 1, 8, 0, 0, 33.33%, 4, 0, 2, 13413.64, 35158554, 17, 494649, 0
2563, 70443, 1, 8, 0, 0, 33.33%, 4, 0, 2, 12773.29, 35221554, 17, 495863, 0
2569, 70567, 7, 8, 0, 0, 33.33%, 4, 0, 2, 12222.44, 35283854, 17, 497259, 0
2574, 70697, 7, 8, 0, 0, 33.33%, 4, 0, 2, 12568.77, 35348854, 17, 498610, 0
2579, 70831, 1, 8, 0, 0, 33.33%, 4, 0, 2, 12806.85, 35415554, 17, 499711, 0
2584, 70960, 7, 8, 0, 0, 33.33%, 4, 0, 2, 12511.64, 35480354, 17, 500869, 0
2589, 71089, 6, 8, 0, 0, 33.33%, 4, 0, 2, 12695.41, 35544754, 17, 502073, 0
2594, 71209, 7, 8, 0, 0, 33.33%, 4, 0, 2, 11721.21, 35604854, 17, 503628, 0
2599, 71338, 1, 8, 0, 0, 33.33%, 4, 0, 2, 12338.06, 35669054, 17, 504811, 0
2604, 71466, 0, 8, 0, 0, 33.33%, 4, 0, 2, 12520.22, 35732954, 17, 505887, 0
2609, 71597, 6, 8, 0, 0, 33.33%, 4, 0, 2, 12853.58, 35798754, 17, 506993, 0
2614, 71726, 0, 8, 0, 0, 33.33%, 4, 0, 2, 12586.65, 35862954, 17, 508082, 0
2619, 71843, 7, 8, 0, 0, 33.33%, 4, 0, 2, 11363.40, 35921854, 17, 508781, 0
2624, 71980, 4, 8, 0, 0, 33.33%, 4, 0, 2, 13399.00, 35990154, 17, 510373, 0
2630, 72100, 0, 8, 0, 0, 33.33%, 4, 0, 2, 11483.85, 36049954, 17, 511554, 0
2635, 72227, 1, 8, 0, 0, 33.33%, 4, 0, 2, 12172.52, 36113554, 17, 512699, 0
2640, 72351, 1, 8, 0, 0, 33.33%, 4, 0, 2, 12080.63, 36175554, 17, 513716, 0
2645, 72460, 6, 8, 0, 0, 33.33%, 4, 0, 2, 10136.91, 36230254, 17, 514378, 0
2650, 72602, 0, 8, 0, 0, 33.33%, 4, 0, 2, 14320.10, 36300855, 17, 515453, 0
2655, 72729, 6, 8, 0, 0, 33.33%, 4, 0, 2, 12183.61, 36364754, 17, 516744, 0
2660, 72851, 7, 8, 0, 0, 33.33%, 4, 0, 2, 11918.89, 36425854, 17, 517905, 0
2665, 72980, 1, 8, 0, 0, 33.33%, 4, 0, 2, 12527.87, 36490054, 17, 518933, 0
2670, 73116, 6, 8, 0, 0, 33.33%, 4, 0, 2, 13440.78, 36558254, 17, 520013, 0
2675, 73240, 7, 8, 0, 0, 33.33%, 4, 0, 2, 12416.08, 36620354, 17, 521123, 0
2680, 73370, 1, 8, 0, 0, 33.33%, 4, 0, 2, 12697.06, 36685054, 17, 522187, 0
2686, 73499, 7, 8, 0, 0, 33.33%, 4, 0, 2, 12724.98, 36749854, 17, 523422, 0
2691, 73626, 4, 8, 0, 0, 33.33%, 4, 0, 2, 12703.58, 36813154, 17, 524579, 0
2696, 73760, 6, 8, 0, 0, 33.33%, 4, 0, 2, 13599.27, 36880254, 17, 525646, 0
2701, 73906, 4, 8, 0, 0, 33.33%, 4, 0, 2, 14108.63, 36953154, 17, 527103, 0
2706, 74035, 4, 8, 0, 0, 33.33%, 4, 0, 2, 12891.79, 37017654, 17, 528364, 0
2711, 74156, 1, 8, 0, 0, 33.33%, 4, 0, 2, 12062.05, 37078054, 17, 529680, 0
2716, 74286, 6, 8, 0, 0, 33.33%, 4, 0, 2, 12812.29, 37143254, 17, 531009, 0
2721, 74424, 1, 8, 0, 0, 33.33%, 4, 0, 2, 13248.66, 37212054, 17, 532016, 0
2726, 74558, 6, 8, 0, 0, 33.33%, 4, 0, 2, 13157.08, 37279254, 17, 532661, 0
2731, 74685, 1, 8, 0, 0, 33.33%, 4, 0, 2, 12530.57, 37342554, 17, 533678, 0
2736, 74813, 1, 8, 0, 0, 33.33%, 4, 0, 2, 12788.76, 37406554, 17, 535243, 0
2741, 74950, 4, 8, 0, 0, 33.33%, 4, 0, 2, 13058.00, 37475154, 17, 536211, 0
2747, 75075, 6, 8, 0, 0, 33.33%, 4, 0, 2, 12106.63, 37537754, 17, 537653, 0
2752, 75205, 7, 8, 0, 0, 33.33%, 4, 0, 2, 12701.09, 37602854, 17, 538611, 0
2757, 75340, 1, 8, 0, 0, 33.33%, 4, 0, 2, 12891.82, 37670054, 17, 539920, 0
2762, 75474, 0, 8, 0, 0, 33.33%, 4, 0, 2, 13156.31, 37736954, 17, 541147, 0
2767, 75602, 1, 8, 0, 0, 33.33%, 4, 0, 2, 13041.04, 37801054, 17, 542318, 0
2772, 75731, 4, 8, 0, 0, 33.33%, 4, 0, 2, 12964.42, 37865654, 17, 543467, 0
2777, 75859, 6, 8, 0, 0, 33.33%, 4, 0, 2, 12883.41, 37929754, 17, 545014, 0
2782, 75987, 6, 8, 0, 0, 33.33%, 4, 0, 2, 12599.72, 37993754, 17, 546211, 0
2787, 76104, 4, 8, 0, 0, 33.33%, 4, 0, 2, 11643.50, 38052154, 17, 547608, 0
2792, 76236, 1, 8, 0, 0, 33.33%, 4, 0, 2, 12893.71, 38118054, 17, 548711, 0
2798, 76359, 6, 8, 0, 0, 33.33%, 4, 0, 2, 12254.78, 38179754, 17, 549902, 0
2803, 76488, 0, 8, 0, 0, 33.33%, 4, 0, 2, 12888.35, 38243954, 17, 550794, 0
2808, 76622, 1, 8, 0, 0, 33.33%, 4, 0, 2, 13423.26, 38311054, 17, 551973, 0
2813, 76756, 0, 8, 0, 0, 33.33%, 4, 0, 2, 12807.97, 38377954, 17, 553554, 0
2818, 76893, 4, 8, 0, 0, 33.33%, 4, 0, 2, 13826.42, 38446654, 17, 554359, 0
2823, 77038, 6, 8, 0, 0, 33.33%, 4, 0, 2, 14119.86, 38519254, 17, 555576, 0
2828, 77157, 6, 8, 0, 0, 33.33%, 4, 0, 2, 12236.67, 38578754, 17, 556929, 0
2833, 77283, 7, 8, 0, 0, 33.33%, 4, 0, 2, 12467.84, 38641854, 17, 558101, 0
2838, 77413, 6, 8, 0, 0, 33.33%, 4, 0, 2, 12807.96, 38706754, 17, 559153, 0
2843, 77553, 1, 8, 0, 0, 33.33%, 4, 0, 2, 13192.11, 38776554, 17, 560622, 0
2848, 77682, 0, 8, 0, 0, 33.33%, 4, 0, 2, 12898.03, 38840954, 17, 561566, 0
2854, 77813, 1, 8, 0, 0, 33.33%, 4, 0, 2, 13043.00, 38906554, 17, 562839, 0
2859, 77939, 4, 8, 0, 0, 33.33%, 4, 0, 2, 12562.04, 38969654, 17, 563879, 0
2864, 78071, 1, 8, 0, 0, 33.33%, 4, 0, 2, 12690.38, 39035554, 17, 565177, 0
2869, 78195, 1, 8, 0, 0, 33.33%, 4, 0, 2, 12358.77, 39097554, 17, 566834, 0
2874, 78317, 6, 8, 0, 0, 33.33%, 4, 0, 2, 12168.48, 39158754, 17, 568190, 0
2879, 78449, 0, 8, 0, 0, 33.33%, 4, 0, 2, 12958.90, 39224454, 17, 569242, 0
2884, 78579, 7, 8, 0, 0, 33.33%, 4, 0, 2, 12958.82, 39289854, 17, 570326, 0
2889, 78706, 4, 8, 0, 0, 33.33%, 4, 0, 2, 12170.95, 39353154, 17, 571666, 0
2894, 78840, 7, 8, 0, 0, 33.33%, 4, 0, 2, 12893.70, 39420354, 17, 572497, 0
2899, 78970, 4, 8, 0, 0, 33.33%, 4, 0, 2, 12677.02, 39485154, 17, 573618, 0
2905, 79076, 1, 8, 0, 0, 33.33%, 4, 0, 2, 945.97, 39538054, 17, 574715, 0
2910, 79103, 4, 8, 0, 0, 33.33%, 4, 0, 2, 2460.25, 39551604, 17, 574986, 0
2915, 79174, 7, 8, 0, 0, 33.33%, 4, 0, 2, 6060.07, 39587354, 17, 575709, 0
2920, 79247, 7, 8, 0, 0, 33.33%, 4, 0, 2, 7090.83, 39623854, 17, 576325, 0
2925, 79322, 7, 8, 0, 0, 33.33%, 4, 0, 2, 7322.42, 39661354, 17, 577001, 0
2930, 79414, 7, 8, 0, 0, 33.33%, 4, 0, 2, 9068.61, 39707354, 17, 577950, 0
2935, 79533, 7, 8, 0, 0, 33.33%, 4, 0, 2, 11323.62, 39766854, 17, 579033, 0
2941, 79655, 7, 8, 0, 0, 33.33%, 4, 0, 2, 11644.47, 39827854, 17, 580329, 0
2946, 79751, 7, 8, 0, 0, 33.33%, 4, 0, 2, 9789.61, 39875854, 17, 581243, 0
2951, 79863, 4, 8, 0, 0, 33.33%, 4, 0, 2, 11602.00, 39931654, 17, 582217, 0
2956, 79979, 0, 8, 0, 0, 33.33%, 4, 0, 2, 11303.12, 39989454, 17, 583172, 0
2961, 80078, 0, 8, 0, 0, 33.33%, 4, 0, 2, 10565.30, 40038954, 17, 583894, 0
2966, 80197, 4, 8, 0, 0, 33.33%, 4, 0, 2, 11050.03, 40098654, 17, 584932, 0
2971, 80332, 6, 8, 0, 0, 33.33%, 4, 0, 2, 12797.14, 40166254, 17, 585800, 0
2976, 80450, 0, 8, 0, 0, 33.33%, 4, 0, 2, 11618.72, 40224954, 17, 586626, 0
2981, 80573, 6, 8, 0, 0, 33.33%, 4, 0, 2, 11926.38, 40286754, 17, 587606, 0
2987, 80688, 4, 8, 0, 0, 33.33%, 4, 0, 2, 10923.91, 40344154, 17, 588528, 0
2992, 80798, 1, 8, 0, 0, 33.33%, 4, 0, 2, 10114.16, 40399054, 17, 589669, 0
2997, 80906, 6, 8, 0, 0, 33.33%, 4, 0, 2, 10984.80, 40453254, 17, 590798, 0
3002, 81038, 6, 8, 0, 0, 33.33%, 4, 0, 2, 12814.27, 40519254, 17, 592112, 0
3007, 81149, 4, 8, 0, 0, 33.33%, 4, 0, 2, 11221.25, 40574654, 17, 593209, 0
3012, 81280, 7, 8, 0, 0, 33.33%, 4, 0, 2, 12648.34, 40640354, 17, 594196, 0
3017, 81405, 0, 8, 0, 0, 33.33%, 4, 0, 2, 11943.81, 40702454, 17, 595262, 0
3022, 81515, 0, 8, 0, 0, 33.33%, 4, 0, 2, 11453.39, 40757454, 17, 595972, 0
3027, 81628, 7, 8, 0, 0, 33.33%, 4, 0, 2, 10890.31, 40814354, 17, 596816, 0
3033, 81742, 1, 8, 0, 0, 33.33%, 4, 0, 2, 11415.71, 40871054, 17, 597745, 0
3038, 81873, 1, 8, 0, 0, 33.33%, 4, 0, 2, 12350.91, 40936554, 17, 598600, 0
3043, 81963, 7, 8, 0, 0, 33.33%, 4, 0, 2, 10231.08, 40981854, 17, 599358, 0
3048, 82066, 1, 8, 0, 0, 33.33%, 4, 0, 2, 10265.93, 41033054, 17, 600456, 0
3053, 82186, 1, 8, 0, 0, 33.33%, 4, 0, 2, 11277.13, 41093054, 17, 601889, 0
3058, 82310, 7, 8, 0, 0, 33.33%, 4, 0, 2, 12174.91, 41155354, 17, 603333, 0
3063, 82440, 7, 8, 0, 0, 33.33%, 4, 0, 2, 12667.23, 41220354, 17, 604513, 0
3068, 82565, 6, 8, 0, 0, 33.33%, 4, 0, 2, 12120.74, 41282754, 17, 605904, 0
3073, 82688, 4, 8, 0, 0, 33.33%, 4, 0, 2, 12172.83, 41344154, 17, 607394, 0
3079, 82820, 6, 8, 0, 0, 33.33%, 4, 0, 2, 13107.88, 41410254, 17, 608494, 0
3084, 82947, 7, 8, 0, 0, 33.33%, 4, 0, 2, 12839.24, 41473854, 17, 609682, 0
3089, 83072, 6, 8, 0, 0, 33.33%, 4, 0, 2, 12321.95, 41536254, 17, 610873, 0
3094, 83203, 0, 8, 0, 0, 33.33%, 4, 0, 2, 12592.13, 41601454, 17, 611774, 0
3099, 83331, 4, 8, 0, 0, 33.33%, 4, 0, 2, 12614.98, 41665654, 17, 612981, 0
3104, 83458, 6, 8, 0, 0, 33.33%, 4, 0, 2, 12746.24, 41729254, 17, 614171, 0
3109, 83588, 4, 8, 0, 0, 33.33%, 4, 0, 2, 12607.51, 41794154, 17, 615270, 0
3114, 83719, 7, 8, 0, 0, 33.33%, 4, 0, 2, 12635.78, 41859854, 17, 616451, 0
3119, 83857, 6, 8, 0, 0, 33.33%, 4, 0, 2, 13450.01, 41928754, 17, 617569, 0
3124, 83981, 7, 8, 0, 0, 33.33%, 4, 0, 2, 12391.86, 41990854, 17, 618532, 0
3129, 84106, 4, 8, 0, 0, 33.33%, 4, 0, 2, 12102.95, 42053154, 17, 619916, 0
3135, 84220, 7, 8, 0, 0, 33.33%, 4, 0, 2, 10871.05, 42110354, 17, 621139, 0
3140, 84331, 7, 8, 0, 0, 33.33%, 4, 0, 2, 11591.73, 42165854, 17, 621991, 0
3145, 84439, 4, 8, 0, 0, 33.33%, 4, 0, 2, 9875.18, 42219654, 17, 623091, 0
3150, 84567, 0, 8, 0, 0, 33.33%, 4, 0, 2, 11628.80, 42283454, 17, 624023, 0
3155, 84690, 4, 8, 0, 0, 33.33%, 4, 0, 2, 11871.91, 42345154, 17, 625184, 0
3160, 84807, 4, 8, 0, 0, 33.33%, 4, 0, 2, 10878.32, 42403654, 17, 625919, 0
3165, 84909, 6, 8, 0, 0, 33.33%, 4, 0, 2, 9871.39, 42454754, 17, 626800, 0
3170, 85037, 7, 8, 0, 0, 33.33%, 4, 0, 2, 12378.28, 42518854, 17, 627731, 0
3175, 85158, 6, 8, 0, 0, 33.33%, 4, 0, 2, 11819.54, 42579254, 17, 628826, 0
3181, 85275, 7, 8, 0, 0, 33.33%, 4, 0, 2, 11675.18, 42637854, 17, 630240, 0
3186, 85394, 6, 8, 0, 0, 33.33%, 4, 0, 2, 11504.52, 42697254, 17, 631398, 0
3191, 85514, 4, 8, 0, 0, 33.33%, 4, 0, 2, 11637.50, 42757154, 17, 632375, 0
3196, 85647, 7, 8, 0, 0, 33.33%, 4, 0, 2, 12960.47, 42823854, 17, 633244, 0
3201, 85756, 1, 8, 0, 0, 33.33%, 4, 0, 2, 11854.58, 42878054, 17, 633933, 0
3206, 85875, 0, 8, 0, 0, 33.33%, 4, 0, 2, 12273.32, 42937454, 17, 635111, 0
3211, 85999, 6, 8, 0, 0, 33.33%, 4, 0, 2, 12173.10, 42999754, 17, 636232, 0
3216, 86135, 4, 8, 0, 0, 33.33%, 4, 0, 2, 13527.41, 43067654, 17, 637393, 0
3221, 86292, 0, 8, 0, 0, 33.33%, 4, 0, 2, 15092.50, 43145954, 17, 638517, 0
3227, 86408, 0, 8, 0, 0, 33.33%, 4, 0, 2, 12747.11, 43203954, 17, 639629, 0
3232, 86540, 6, 8, 0, 0, 33.33%, 4, 0, 2, 12643.81, 43270254, 17, 640627, 0
3237, 86688, 6, 8, 0, 0, 33.33%, 4, 0, 2, 14975.85, 43344254, 17, 641867, 0
3242, 86804, 1, 8, 0, 0, 33.33%, 4, 0, 2, 11654.52, 43402054, 17, 642843, 0
3247, 86953, 7, 8, 0, 0, 33.33%, 4, 0, 2, 14312.15, 43476854, 17, 644042, 0
3252, 87077, 0, 8, 0, 0, 33.33%, 4, 0, 2, 12136.71, 43538454, 17, 645007, 0
3257, 87187, 6, 8, 0, 0, 33.33%, 4, 0, 2, 10739.29, 43593754, 17, 646269, 0
3262, 87310, 1, 8, 0, 0, 33.33%, 4, 0, 2, 11960.47, 43655054, 17, 648022, 0
3267, 87438, 1, 8, 0, 0, 33.33%, 4, 0, 2, 12248.08, 43719054, 17, 649042, 0
3272, 87559, 0, 8, 0, 0, 33.33%, 4, 0, 2, 11627.26, 43779454, 17, 650081, 0
3277, 87676, 7, 8, 0, 0, 33.33%, 4, 0, 2, 11736.09, 43838354, 17, 650916, 0
3283, 87798, 0, 8, 0, 0, 33.33%, 4, 0, 2, 11596.87, 43898954, 17, 651790, 0
3288, 87931, 4, 8, 0, 0, 33.33%, 4, 0, 2, 12839.65, 43965654, 17, 653064, 0
3293, 88068, 6, 8, 0, 0, 33.33%, 4, 0, 2, 14037.77, 44034254, 17, 653961, 0
3298, 88205, 1, 8, 0, 0, 33.33%, 4, 0, 2, 13759.21, 44102554, 17, 654979, 0
3303, 88336, 7, 8, 0, 0, 33.33%, 4, 0, 2, 12949.23, 44168354, 17, 656206, 0
3308, 88468, 0, 8, 0, 0, 33.33%, 4, 0, 2, 13681.26, 44233954, 17, 657400, 0
3313, 88601, 4, 8, 0, 0, 33.33%, 4, 0, 2, 12911.15, 44300654, 17, 658475, 0
3318, 88720, 6, 8, 0, 0, 33.33%, 4, 0, 2, 11804.68, 44360254, 17, 659797, 0
3323, 88844, 1, 8, 0, 0, 33.33%, 4, 0, 2, 12088.44, 44422054, 17, 660717, 0
3328, 88972, 7, 8, 0, 0, 33.33%, 4, 0, 2, 12679.68, 44486354, 17, 661674, 0
3334, 89117, 0, 8, 0, 0, 33.33%, 4, 0, 2, 13964.65, 44558454, 17, 662625, 0
3339, 89255, 1, 8, 0, 0, 33.33%, 4, 0, 2, 13594.70, 44627554, 17, 663644, 0
3344, 89383, 4, 8, 0, 0, 33.33%, 4, 0, 2, 12046.33, 44691654, 17, 664964, 0
3349, 89510, 0, 8, 0, 0, 33.33%, 4, 0, 2, 12524.43, 44754954, 17, 666381, 0
3354, 89638, 6, 8, 0, 0, 33.33%, 4, 0, 2, 12670.07, 44819254, 17, 667471, 0
3359, 89763, 1, 8, 0, 0, 33.33%, 4, 0, 2, 12585.33, 44881554, 17, 668397, 0
3364, 89897, 0, 8, 0, 0, 33.33%, 4, 0, 2, 12965.69, 44948454, 17, 669902, 0
3369, 90019, 6, 8, 0, 0, 33.33%, 4, 0, 2, 11930.21, 45009754, 17, 671153, 0
3374, 90140, 1, 8, 0, 0, 33.33%, 4, 0, 2, 12052.86, 45070054, 17, 672086, 0
3379, 90275, 7, 8, 0, 0, 33.33%, 4, 0, 2, 13204.80, 45137854, 17, 672982, 0
3384, 90402, 6, 8, 0, 0, 33.33%, 4, 0, 2, 12227.81, 45201254, 17, 673741, 0
3390, 90519, 7, 8, 0, 0, 33.33%, 4, 0, 2, 11720.73, 45259854, 17, 674856, 0
3395, 90654, 7, 8, 0, 0, 33.33%, 4, 0, 2, 12957.45, 45327354, 17, 676204, 0
3400, 90770, 0, 8, 0, 0, 33.33%, 4, 0, 2, 11434.00, 45384954, 17, 677262, 0
3405, 90887, 0, 8, 0, 0, 33.33%, 4, 0, 2, 11385.00, 45443454, 17, 678283, 0
3410, 90971, 0, 8, 0, 0, 33.33%, 4, 0, 2, 9028.54, 45485454, 17, 679076, 0
3415, 91101, 1, 8, 0, 0, 33.33%, 4, 0, 2, 12676.31, 45550554, 17, 680110, 0
3420, 91223, 6, 8, 0, 0, 33.33%, 4, 0, 2, 12091.86, 45611754, 17, 681327, 0
3425, 91347, 1, 8, 0, 0, 33.33%, 4, 0, 2, 12255.55, 45673554, 17, 682864, 0
3430, 91494, 7, 8, 0, 0, 33.33%, 4, 0, 2, 14064.03, 45747354, 17, 684002, 0
3435, 91626, 6, 8, 0, 0, 33.33%, 4, 0, 2, 13133.86, 45813254, 17, 685188, 0
3441, 91767, 7, 8, 0, 0, 33.33%, 4, 0, 2, 13768.80, 45883854, 17, 686585, 0
3446, 91891, 7, 8, 0, 0, 33.33%, 4, 0, 2, 11784.58, 45945854, 17, 687836, 0
3451, 92031, 6, 8, 0, 0, 33.33%, 4, 0, 2, 13551.92, 46015754, 17, 689159, 0
3456, 92159, 7, 8, 0, 0, 33.33%, 4, 0, 2, 12850.06, 46079854, 17, 690546, 0
3461, 92293, 7, 8, 0, 0, 33.33%, 4, 0, 2, 13254.34, 46146854, 17, 692066, 0
3466, 92425, 0, 8, 0, 0, 33.33%, 4, 0, 2, 12942.18, 46212454, 17, 693188, 0
3471, 92564, 1, 8, 0, 0, 33.33%, 4, 0, 2, 14598.26, 46282054, 17, 694448, 0
3476, 92714, 0, 8, 0, 0, 33.33%, 4, 0, 2, 14261.92, 46356954, 17, 695974, 0
3481, 92876, 7, 8, 0, 0, 33.33%, 4, 0, 2, 16063.56, 46438354, 17, 697300, 0
3486, 93036, 4, 8, 0, 0, 33.33%, 4, 0, 2, 15460.91, 46518154, 17, 698707, 0
3491, 93167, 6, 8, 0, 0, 33.33%, 4, 0, 2, 13503.04, 46583754, 17, 699939, 0
3496, 93293, 7, 8, 0, 0, 33.33%, 4, 0, 2, 12702.77, 46646854, 17, 701600, 0
3502, 93444, 4, 8, 0, 0, 33.33%, 4, 0, 2, 14495.02, 46722154, 17, 702633, 0
3507, 93579, 7, 8, 0, 0, 33.33%, 4, 0, 2, 13802.23, 46789854, 17, 703439, 0
3512, 93718, 6, 8, 0, 0, 33.33%, 4, 0, 2, 13660.26, 46859254, 17, 704706, 0
3517, 93857, 7, 8, 0, 0, 33.33%, 4, 0, 2, 13580.23, 46928854, 17, 706447, 0
3522, 93998, 1, 8, 0, 0, 33.33%, 4, 0, 2, 14040.73, 46999054, 17, 707759, 0
3527, 94117, 4, 8, 0, 0, 33.33%, 4, 0, 2, 11231.64, 47058654, 17, 708619, 0
3532, 94267, 4, 8, 0, 0, 33.33%, 4, 0, 2, 14348.34, 47133654, 17, 709874, 0
3537, 94413, 0, 8, 0, 0, 33.33%, 4, 0, 2, 14288.82, 47206454, 17, 711404, 0
3542, 94579, 0, 8, 0, 0, 33.33%, 4, 0, 2, 16417.87, 47289454, 17, 712896, 0
3547, 94747, 1, 8, 0, 0, 33.33%, 4, 0, 2, 16410.30, 47373554, 17, 714555, 0
3552, 94881, 1, 8, 0, 0, 33.33%, 4, 0, 2, 13281.48, 47440554, 17, 715818, 0
3557, 95034, 4, 8, 0, 0, 33.33%, 4, 0, 2, 15082.55, 47517154, 17, 717608, 0
3562, 95204, 6, 8, 0, 0, 33.33%, 4, 0, 2, 16432.85, 47602254, 17, 719070, 0
3568, 95372, 6, 8, 0, 0, 33.33%, 4, 0, 2, 16645.79, 47686254, 17, 720650, 0
3573, 95545, 7, 8, 0, 0, 33.33%, 4, 0, 2, 17074.91, 47772755, 17, 722263, 0
3578, 95708, 1, 8, 0, 0, 33.33%, 4, 0, 2, 16503.11, 47854054, 17, 723684, 0
3583, 95888, 7, 8, 0, 0, 33.33%, 4, 0, 2, 17441.53, 47944354, 17, 725348, 0
3588, 96031, 0, 8, 0, 0, 33.33%, 4, 0, 2, 14370.72, 48015454, 17, 726718, 0
3593, 96173, 0, 8, 0, 0, 33.33%, 4, 0, 2, 14090.34, 48086454, 17, 727958, 0
3598, 96312, 1, 8, 0, 0, 33.33%, 4, 0, 2, 13793.95, 48156054, 17, 729353, 0
3603, 96449, 7, 8, 0, 0, 33.33%, 4, 0, 2, 13876.91, 48224854, 17, 730528, 0
3608, 96595, 0, 8, 0, 0, 33.33%, 4, 0, 2, 14186.93, 48297454, 17, 731913, 0
3613, 96755, 4, 8, 0, 0, 33.33%, 4, 0, 2, 15157.12, 48377654, 17, 733300, 0
3618, 96915, 0, 8, 0, 0, 33.33%, 4, 0, 2, 15509.61, 48457454, 17, 734902, 0
3623, 97060, 7, 8, 0, 0, 33.33%, 4, 0, 2, 14342.55, 48530354, 17, 735733, 0
3625, 97093, 6, 8, 0, 0, 33.33%, 4, 0, 2, 13363.16, 48546647, 17, 736226, 0
