# relative_time, cycles_done, cur_item, corpus_count, pending_total, pending_favs, map_size, saved_crashes, saved_hangs, max_depth, execs_per_sec, total_execs, edges_found, total_crashes, servers_count
61, 4, 10, 12, 1, 0, 15.96%, 0, 0, 3, 75.38, 4547, 34, 0, 0
66, 4, 2, 12, 1, 0, 15.96%, 0, 0, 3, 40.53, 4884, 34, 0, 0
72, 5, 7, 12, 1, 0, 15.96%, 0, 0, 3, 64.67, 5242, 34, 0, 0
77, 5, 7, 12, 1, 0, 15.96%, 0, 0, 3, 74.47, 5638, 34, 0, 0
82, 6, 6, 12, 0, 0, 15.96%, 0, 0, 3, 69.62, 6000, 34, 0, 0
87, 6, 2, 12, 0, 0, 15.96%, 0, 0, 3, 69.26, 6354, 34, 0, 0
92, 7, 11, 13, 1, 0, 15.96%, 0, 0, 4, 76.06, 6750, 34, 0, 0
97, 7, 11, 14, 2, 0, 15.96%, 0, 0, 4, 71.82, 7103, 34, 0, 0
102, 7, 8, 14, 2, 0, 15.96%, 0, 0, 4, 70.23, 7464, 34, 0, 0
108, 8, 4, 14, 2, 0, 15.96%, 0, 0, 4, 75.03, 7859, 34, 0, 0
113, 8, 10, 14, 2, 0, 15.96%, 0, 0, 4, 77.33, 8256, 34, 0, 0
118, 8, 12, 14, 2, 0, 15.96%, 0, 0, 4, 77.19, 8653, 34, 0, 0
123, 8, 12, 15, 3, 0, 15.96%, 0, 0, 5, 77.30, 9051, 34, 0, 0
128, 8, 12, 15, 3, 0, 15.96%, 0, 0, 5, 75.87, 9443, 34, 0, 0
133, 9, 12, 15, 2, 0, 15.96%, 0, 0, 5, 75.84, 9790, 34, 0, 0
