# relative_time, cycles_done, cur_item, corpus_count, pending_total, pending_favs, map_size, saved_crashes, saved_hangs, max_depth, execs_per_sec, total_execs, edges_found, total_crashes, servers_count
61, 114, 7, 8, 0, 0, 33.33%, 3, 2, 1, 2441.20, 150879, 17, 10328, 0
66, 123, 6, 8, 0, 0, 33.33%, 3, 2, 1, 2674.85, 164130, 17, 11315, 0
71, 133, 7, 8, 0, 0, 33.33%, 3, 2, 1, 2515.13, 176673, 17, 12145, 0
76, 142, 7, 8, 0, 0, 33.33%, 3, 2, 1, 2349.68, 188178, 17, 12981, 0
81, 149, 4, 8, 0, 0, 33.33%, 3, 2, 1, 2155.32, 199123, 17, 13724, 0
87, 159, 7, 8, 0, 0, 33.33%, 3, 2, 1, 2368.43, 212278, 17, 14633, 0
92, 167, 7, 8, 0, 0, 33.33%, 3, 2, 1, 2466.52, 224780, 17, 15412, 0
97, 177, 4, 8, 0, 0, 33.33%, 3, 2, 1, 2536.38, 236832, 17, 16226, 0
102, 182, 6, 8, 0, 0, 33.33%, 3, 2, 1, 1740.96, 244130, 17, 16720, 0
107, 189, 7, 8, 0, 0, 33.33%, 3, 2, 1, 1733.49, 253671, 17, 17357, 0
112, 196, 7, 8, 0, 0, 33.33%, 3, 2, 1, 1724.45, 262415, 17, 18008, 0
117, 202, 7, 8, 0, 0, 33.33%, 3, 2, 1, 2475.80, 271081, 17, 18475, 0
122, 207, 7, 8, 0, 0, 33.33%, 3, 2, 1, 1742.03, 278815, 17, 19073, 0
127, 216, 7, 8, 0, 0, 33.33%, 3, 2, 1, 2110.06, 291103, 17, 19932, 0
132, 225, 1, 8, 0, 0, 33.33%, 3, 2, 1, 2234.01, 302365, 17, 20728, 0
137, 234, 7, 8, 0, 0, 33.33%, 3, 2, 1, 2402.51, 314478, 17, 21539, 0
143, 243, 6, 8, 0, 0, 33.33%, 3, 2, 1, 2603.93, 327684, 17, 22496, 0
148, 251, 7, 8, 0, 0, 33.33%, 3, 2, 1, 962.11, 338983, 17, 23184, 0
153, 260, 7, 8, 0, 0, 33.33%, 3, 2, 1, 1943.40, 350407, 17, 24107, 0
158, 269, 7, 8, 0, 0, 33.33%, 3, 2, 1, 2255.11, 361969, 17, 25037, 0
163, 277, 0, 8, 0, 0, 33.33%, 3, 2, 1, 2131.91, 373131, 17, 25820, 0
168, 285, 6, 8, 0, 0, 33.33%, 3, 2, 1, 2258.01, 384663, 17, 26659, 0
173, 294, 7, 8, 0, 0, 33.33%, 3, 2, 1, 3014.85, 396230, 17, 27465, 0
178, 303, 7, 8, 0, 0, 33.33%, 3, 2, 1, 2566.41, 409137, 17, 28405, 0
183, 311, 7, 8, 0, 0, 33.33%, 3, 2, 1, 2164.96, 418623, 17, 29037, 0
189, 318, 7, 8, 0, 0, 33.33%, 3, 2, 1, 1785.64, 427918, 17, 29663, 0
194, 323, 6, 8, 0, 0, 33.33%, 3, 2, 1, 1498.36, 435617, 17, 30243, 0
199, 328, 6, 8, 0, 0, 33.33%, 3, 2, 1, 1275.43, 442357, 17, 30732, 0
204, 333, 6, 8, 0, 0, 33.33%, 3, 2, 1, 1230.38, 449028, 17, 31184, 0
209, 338, 7, 8, 0, 0, 33.33%, 3, 2, 1, 1242.78, 455154, 17, 31601, 0
214, 344, 0, 8, 0, 0, 33.33%, 3, 2, 1, 1670.25, 464014, 17, 32283, 0
219, 350, 6, 8, 0, 0, 33.33%, 3, 2, 1, 1701.49, 472898, 17, 32950, 0
224, 356, 1, 8, 0, 0, 33.33%, 3, 2, 1, 1616.97, 481365, 17, 33551, 0
229, 364, 1, 8, 0, 0, 33.33%, 3, 2, 1, 1970.05, 492019, 17, 34226, 0
234, 371, 7, 8, 0, 0, 33.33%, 3, 2, 1, 1936.18, 502042, 17, 34938, 0
240, 379, 7, 8, 0, 0, 33.33%, 3, 2, 1, 1788.25, 511962, 17, 35550, 0
245, 384, 6, 8, 0, 0, 33.33%, 3, 2, 1, 1698.59, 520447, 17, 36126, 0
250, 392, 1, 8, 0, 0, 33.33%, 3, 2, 1, 1937.95, 530381, 17, 36751, 0
255, 399, 7, 8, 0, 0, 33.33%, 3, 2, 1, 1752.02, 539052, 17, 37383, 0
260, 407, 7, 8, 0, 0, 33.33%, 3, 2, 1, 2001.49, 550096, 17, 38180, 0
265, 413, 7, 8, 0, 0, 33.33%, 3, 2, 1, 1804.74, 558517, 17, 38666, 0
270, 420, 7, 8, 0, 0, 33.33%, 3, 2, 1, 1751.28, 567668, 17, 39333, 0
275, 425, 4, 8, 0, 0, 33.33%, 3, 2, 1, 1519.68, 575122, 17, 39799, 0
280, 432, 1, 8, 0, 0, 33.33%, 3, 2, 1, 1710.25, 583866, 17, 40477, 0
286, 439, 6, 8, 0, 0, 33.33%, 3, 2, 1, 2060.41, 593708, 17, 41066, 0
291, 448, 7, 8, 0, 0, 33.33%, 3, 2, 1, 2010.86, 603955, 17, 41784, 0
296, 454, 7, 8, 0, 0, 33.33%, 3, 2, 1, 1747.04, 612137, 17, 42436, 0
301, 461, 4, 8, 0, 0, 33.33%, 3, 2, 1, 2091.63, 622414, 17, 43087, 0
306, 471, 7, 8, 0, 0, 33.33%, 3, 2, 1, 2254.49, 634008, 17, 43845, 0
311, 480, 6, 8, 0, 0, 33.33%, 3, 2, 1, 2243.83, 645417, 17, 44627, 0
316, 489, 6, 8, 0, 0, 33.33%, 3, 2, 1, 1972.75, 655272, 17, 45360, 0
321, 495, 1, 8, 0, 0, 33.33%, 3, 2, 1, 2016.63, 664564, 17, 46006, 0
326, 504, 1, 8, 0, 0, 33.33%, 3, 2, 1, 2237.47, 675822, 17, 46855, 0
331, 513, 1, 8, 0, 0, 33.33%, 3, 2, 1, 2439.50, 687878, 17, 47697, 0
336, 522, 7, 8, 0, 0, 33.33%, 3, 2, 1, 2203.29, 698625, 17, 48429, 0
341, 529, 6, 8, 0, 0, 33.33%, 3, 2, 1, 2110.05, 708296, 17, 49033, 0
347, 538, 1, 8, 0, 0, 33.33%, 3, 2, 1, 2110.79, 719031, 17, 49760, 0
352, 546, 7, 8, 0, 0, 33.33%, 3, 2, 1, 2074.94, 729022, 17, 50538, 0
357, 553, 6, 8, 0, 0, 33.33%, 3, 2, 1, 1882.14, 739066, 17, 51248, 0
362, 561, 7, 8, 0, 0, 33.33%, 3, 2, 1, 1997.04, 749362, 17, 52003, 0
367, 568, 7, 8, 0, 0, 33.33%, 3, 2, 1, 1917.59, 758721, 17, 52709, 0
372, 575, 7, 8, 0, 0, 33.33%, 3, 2, 1, 2623.76, 768388, 17, 53420, 0
377, 582, 1, 8, 0, 0, 33.33%, 3, 2, 1, 1954.90, 777831, 17, 54024, 0
382, 588, 6, 8, 0, 0, 33.33%, 3, 2, 1, 1790.81, 786373, 17, 54626, 0
387, 596, 7, 8, 0, 0, 33.33%, 3, 2, 1, 2049.61, 796898, 17, 55372, 0
392, 605, 1, 8, 0, 0, 33.33%, 3, 2, 1, 2122.71, 808483, 17, 56119, 0
398, 610, 7, 8, 0, 0, 33.33%, 3, 2, 1, 1667.09, 816824, 17, 56690, 0
403, 617, 7, 8, 0, 0, 33.33%, 3, 2, 1, 1596.82, 824746, 17, 57297, 0
408, 624, 0, 8, 0, 0, 33.33%, 3, 2, 1, 1723.17, 834168, 17, 57956, 0
413, 632, 7, 8, 0, 0, 33.33%, 3, 2, 1, 1822.01, 843358, 17, 58521, 0
418, 637, 6, 8, 0, 0, 33.33%, 3, 2, 1, 1527.96, 850744, 17, 59045, 0
423, 643, 7, 8, 0, 0, 33.33%, 3, 2, 1, 1622.93, 858882, 17, 59516, 0
428, 649, 6, 8, 0, 0, 33.33%, 3, 2, 1, 1496.10, 866492, 17, 60029, 0
433, 656, 7, 8, 0, 0, 33.33%, 3, 2, 1, 1655.92, 875717, 17, 60597, 0
438, 662, 7, 8, 0, 0, 33.33%, 3, 2, 1, 1869.27, 885136, 17, 61301, 0
443, 670, 7, 8, 0, 0, 33.33%, 3, 2, 1, 1892.55, 894736, 17, 62079, 0
449, 677, 7, 8, 0, 0, 33.33%, 3, 2, 1, 1636.81, 902849, 17, 62649, 0
454, 685, 6, 8, 0, 0, 33.33%, 3, 2, 1, 1874.80, 913421, 17, 63380, 0
459, 692, 6, 8, 0, 0, 33.33%, 3, 2, 1, 1886.22, 922983, 17, 63994, 0
464, 698, 7, 8, 0, 0, 33.33%, 3, 2, 1, 1822.15, 931924, 17, 64579, 0
469, 705, 7, 8, 0, 0, 33.33%, 3, 2, 1, 1953.42, 941840, 17, 65291, 0
474, 713, 6, 8, 0, 0, 33.33%, 3, 2, 1, 2113.83, 952610, 17, 65901, 0
479, 722, 7, 8, 0, 0, 33.33%, 3, 2, 1, 2182.44, 963616, 17, 66696, 0
484, 729, 6, 8, 0, 0, 33.33%, 3, 2, 1, 2091.95, 973948, 17, 67379, 0
490, 736, 1, 8, 0, 0, 33.33%, 3, 2, 1, 1847.05, 982956, 17, 68011, 0
495, 743, 1, 8, 0, 0, 33.33%, 3, 2, 1, 1864.59, 992720, 17, 68692, 0
500, 749, 1, 8, 0, 0, 33.33%, 3, 2, 1, 1712.36, 1000918, 17, 69187, 0
505, 757, 7, 8, 0, 0, 33.33%, 3, 2, 1, 1890.42, 1011258, 17, 69830, 0
510, 765, 6, 8, 0, 0, 33.33%, 3, 2, 1, 2388.94, 1021530, 17, 70516, 0
515, 771, 6, 8, 0, 0, 33.33%, 3, 2, 1, 1920.46, 1030808, 17, 71142, 0
520, 778, 6, 8, 0, 0, 33.33%, 3, 2, 1, 1976.07, 1040979, 17, 71873, 0
525, 786, 7, 8, 0, 0, 33.33%, 3, 2, 1, 1900.02, 1050062, 17, 72526, 0
531, 793, 6, 8, 0, 0, 33.33%, 3, 2, 1, 1658.28, 1059816, 17, 73247, 0
536, 802, 7, 8, 0, 0, 33.33%, 3, 2, 1, 2044.47, 1071018, 17, 73974, 0
541, 811, 6, 8, 0, 0, 33.33%, 3, 2, 1, 2224.37, 1082110, 17, 74667, 0
546, 818, 6, 8, 0, 0, 33.33%, 3, 2, 1, 2063.60, 1091944, 17, 75325, 0
551, 827, 1, 8, 0, 0, 33.33%, 3, 2, 1, 2113.93, 1102374, 17, 75998, 0
556, 833, 7, 8, 0, 0, 33.33%, 3, 2, 1, 1749.72, 1110633, 17, 76494, 0
561, 841, 6, 8, 0, 0, 33.33%, 3, 2, 1, 2083.21, 1121057, 17, 77211, 0
566, 851, 6, 8, 0, 0, 33.33%, 3, 2, 1, 2272.07, 1133876, 17, 77975, 0
572, 860, 6, 8, 0, 0, 33.33%, 3, 2, 1, 1429.32, 1144968, 17, 78709, 0
577, 867, 7, 8, 0, 0, 33.33%, 3, 2, 1, 1856.49, 1155033, 17, 79354, 0
582, 875, 7, 8, 0, 0, 33.33%, 3, 2, 1, 1740.46, 1164419, 17, 80016, 0
587, 883, 6, 8, 0, 0, 33.33%, 3, 2, 1, 2070.04, 1174966, 17, 80773, 0
592, 890, 1, 8, 0, 0, 33.33%, 3, 2, 1, 1822.88, 1183756, 17, 81482, 0
597, 899, 1, 8, 0, 0, 33.33%, 3, 2, 1, 2280.56, 1194875, 17, 82190, 0
602, 909, 1, 8, 0, 0, 33.33%, 3, 2, 1, 2659.15, 1208883, 17, 83134, 0
608, 915, 0, 8, 0, 0, 33.33%, 3, 2, 1, 2037.85, 1218625, 17, 83767, 0
613, 924, 6, 8, 0, 0, 33.33%, 3, 2, 1, 2182.76, 1229570, 17, 84406, 0
618, 931, 7, 8, 0, 0, 33.33%, 3, 2, 1, 1920.78, 1239490, 17, 85009, 0
623, 939, 6, 8, 0, 0, 33.33%, 3, 2, 1, 2217.46, 1250019, 17, 85603, 0
628, 947, 4, 8, 0, 0, 33.33%, 3, 2, 1, 2123.12, 1259478, 17, 86135, 0
633, 953, 7, 8, 0, 0, 33.33%, 3, 2, 1, 1676.93, 1267884, 17, 86641, 0
638, 959, 6, 8, 0, 0, 33.33%, 3, 2, 1, 1620.37, 1276085, 17, 87165, 0
643, 966, 7, 8, 0, 0, 33.33%, 3, 2, 1, 1864.51, 1285809, 17, 87779, 0
648, 972, 7, 8, 0, 0, 33.33%, 3, 2, 1, 1816.72, 1293557, 17, 88293, 0
654, 978, 1, 8, 0, 0, 33.33%, 3, 2, 1, 1590.39, 1301365, 17, 88712, 0
659, 984, 7, 8, 0, 0, 33.33%, 3, 2, 1, 1570.94, 1309016, 17, 89174, 0
664, 991, 4, 8, 0, 0, 33.33%, 3, 2, 1, 1834.79, 1318784, 17, 89781, 0
669, 996, 6, 8, 0, 0, 33.33%, 3, 2, 1, 1419.93, 1325264, 17, 90133, 0
674, 1003, 6, 8, 0, 0, 33.33%, 3, 2, 1, 1685.80, 1334368, 17, 90679, 0
679, 1009, 6, 8, 0, 0, 33.33%, 3, 2, 1, 1810.05, 1343371, 17, 91276, 0
684, 1017, 7, 8, 0, 0, 33.33%, 3, 2, 1, 2136.03, 1354328, 17, 91974, 0
689, 1026, 7, 8, 0, 0, 33.33%, 3, 2, 1, 2115.50, 1365323, 17, 92618, 0
694, 1035, 7, 8, 0, 0, 33.33%, 3, 2, 1, 2242.19, 1377030, 17, 93378, 0
699, 1043, 7, 8, 0, 0, 33.33%, 3, 2, 1, 2075.46, 1387671, 17, 93919, 0
705, 1051, 7, 8, 0, 0, 33.33%, 3, 2, 1, 2130.34, 1398761, 17, 94665, 0
710, 1061, 7, 8, 0, 0, 33.33%, 3, 2, 1, 2411.78, 1411332, 17, 95432, 0
715, 1071, 7, 8, 0, 0, 33.33%, 3, 2, 1, 2661.93, 1423695, 17, 96220, 0
720, 1078, 7, 8, 0, 0, 33.33%, 3, 2, 1, 2740.17, 1434095, 17, 96820, 0
725, 1086, 7, 8, 0, 0, 33.33%, 3, 2, 1, 2347.31, 1445581, 17, 97527, 0
730, 1096, 7, 8, 0, 0, 33.33%, 3, 2, 1, 2385.57, 1457784, 17, 98186, 0
735, 1105, 7, 8, 0, 0, 33.33%, 3, 2, 1, 2433.36, 1470679, 17, 98999, 0
740, 1112, 7, 8, 0, 0, 33.33%, 3, 2, 1, 2143.15, 1481107, 17, 99615, 0
746, 1122, 0, 8, 0, 0, 33.33%, 3, 2, 1, 2498.09, 1493934, 17, 100416, 0
751, 1132, 7, 8, 0, 0, 33.33%, 3, 2, 1, 457.94, 1506884, 17, 101223, 0
756, 1141, 1, 8, 0, 0, 33.33%, 3, 2, 1, 1830.10, 1517834, 17, 101943, 0
761, 1148, 4, 8, 0, 0, 33.33%, 3, 2, 1, 1849.32, 1526884, 17, 102502, 0
766, 1154, 7, 8, 0, 0, 33.33%, 3, 2, 1, 1658.41, 1534984, 17, 102940, 0
771, 1160, 7, 8, 0, 0, 33.33%, 3, 2, 1, 1715.83, 1543800, 17, 103521, 0
776, 1166, 7, 8, 0, 0, 33.33%, 3, 2, 1, 1731.85, 1552572, 17, 104021, 0
781, 1174, 6, 8, 0, 0, 33.33%, 3, 2, 1, 1832.20, 1562304, 17, 104616, 0
787, 1182, 7, 8, 0, 0, 33.33%, 3, 2, 1, 696.07, 1573168, 17, 105245, 0
792, 1188, 7, 8, 0, 0, 33.33%, 3, 2, 1, 1479.39, 1581154, 17, 105724, 0
797, 1195, 6, 8, 0, 0, 33.33%, 3, 2, 1, 1805.03, 1589856, 17, 106290, 0
802, 1203, 0, 8, 0, 0, 33.33%, 3, 2, 1, 2067.48, 1600826, 17, 106974, 0
807, 1210, 6, 8, 0, 0, 33.33%, 3, 2, 1, 1783.14, 1609772, 17, 107498, 0
812, 1217, 7, 8, 0, 0, 33.33%, 3, 2, 1, 1829.46, 1619388, 17, 108050, 0
817, 1224, 7, 8, 0, 0, 33.33%, 3, 2, 1, 1741.71, 1628561, 17, 108663, 0
822, 1231, 7, 8, 0, 0, 33.33%, 3, 2, 1, 483.60, 1636875, 17, 109195, 0
828, 1238, 6, 8, 0, 0, 33.33%, 3, 2, 1, 1660.87, 1645668, 17, 109703, 0
833, 1242, 0, 8, 0, 0, 33.33%, 3, 2, 1, 813.10, 1651681, 17, 110071, 0
838, 1250, 6, 8, 0, 0, 33.33%, 3, 2, 1, 2073.75, 1662100, 17, 110759, 0
843, 1258, 7, 8, 0, 0, 33.33%, 3, 2, 1, 2267.19, 1673785, 17, 111456, 0
848, 1267, 1, 8, 0, 0, 33.33%, 3, 2, 1, 2062.84, 1684018, 17, 112071, 0
853, 1274, 4, 8, 0, 0, 33.33%, 3, 2, 1, 1926.01, 1693424, 17, 112677, 0
858, 1282, 6, 8, 0, 0, 33.33%, 3, 2, 1, 1871.61, 1703310, 17, 113221, 0
863, 1291, 7, 8, 0, 0, 33.33%, 3, 2, 1, 2103.05, 1713877, 17, 113926, 0
868, 1298, 6, 8, 0, 0, 33.33%, 3, 2, 1, 2035.92, 1724231, 17, 114564, 0
874, 1306, 7, 8, 0, 0, 33.33%, 3, 2, 1, 2055.37, 1734872, 17, 115186, 0
879, 1314, 7, 8, 0, 0, 33.33%, 3, 2, 1, 1860.50, 1744273, 17, 115713, 0
884, 1323, 6, 8, 0, 0, 33.33%, 3, 2, 1, 2166.72, 1755679, 17, 116393, 0
889, 1330, 4, 8, 0, 0, 33.33%, 3, 2, 1, 2232.27, 1765820, 17, 116974, 0
894, 1338, 1, 8, 0, 0, 33.33%, 3, 2, 1, 1996.92, 1776026, 17, 117614, 0
899, 1343, 7, 8, 0, 0, 33.33%, 3, 2, 1, 1995.74, 1783859, 17, 118111, 0
904, 1350, 6, 8, 0, 0, 33.33%, 3, 2, 1, 2008.78, 1793675, 17, 118710, 0
909, 1357, 7, 8, 0, 0, 33.33%, 3, 2, 1, 2263.90, 1802881, 17, 119300, 0
915, 1363, 6, 8, 0, 0, 33.33%, 3, 2, 1, 1884.56, 1811335, 17, 119843, 0
920, 1370, 4, 8, 0, 0, 33.33%, 3, 2, 1, 1790.02, 1820421, 17, 120434, 0
925, 1379, 7, 8, 0, 0, 33.33%, 3, 2, 1, 2024.25, 1831814, 17, 121146, 0
930, 1386, 7, 8, 0, 0, 33.33%, 3, 2, 1, 2034.13, 1842350, 17, 121814, 0
935, 1393, 6, 8, 0, 0, 33.33%, 3, 2, 1, 1836.30, 1851006, 17, 122342, 0
940, 1399, 6, 8, 0, 0, 33.33%, 3, 2, 1, 1757.43, 1859484, 17, 122842, 0
945, 1407, 7, 8, 0, 0, 33.33%, 3, 2, 1, 1886.22, 1869474, 17, 123501, 0
950, 1416, 7, 8, 0, 0, 33.33%, 3, 2, 1, 2088.51, 1880472, 17, 124180, 0
955, 1423, 1, 8, 0, 0, 33.33%, 3, 2, 1, 2160.71, 1891170, 17, 124881, 0
961, 1433, 1, 8, 0, 0, 33.33%, 3, 2, 1, 2303.55, 1902726, 17, 125562, 0
966, 1440, 7, 8, 0, 0, 33.33%, 3, 2, 1, 1822.64, 1911526, 17, 126034, 0
971, 1447, 4, 8, 0, 0, 33.33%, 3, 2, 1, 1845.75, 1920458, 17, 126586, 0
976, 1453, 7, 8, 0, 0, 33.33%, 3, 2, 1, 1798.10, 1929241, 17, 127057, 0
981, 1462, 7, 8, 0, 0, 33.33%, 3, 2, 1, 2471.03, 1940783, 17, 127746, 0
986, 1470, 7, 8, 0, 0, 33.33%, 3, 2, 1, 2095.72, 1951262, 17, 128438, 0
991, 1478, 7, 8, 0, 0, 33.33%, 3, 2, 1, 1847.78, 1961276, 17, 129046, 0
996, 1485, 6, 8, 0, 0, 33.33%, 3, 2, 1, 1971.84, 1971481, 17, 129640, 0
1002, 1494, 1, 8, 0, 0, 33.33%, 3, 2, 1, 2226.13, 1982185, 17, 130209, 0
1007, 1500, 6, 8, 0, 0, 33.33%, 3, 2, 1, 2064.75, 1991381, 17, 130768, 0
1012, 1508, 6, 8, 0, 0, 33.33%, 3, 2, 1, 2122.48, 2002780, 17, 131441, 0
1017, 1516, 7, 8, 0, 0, 33.33%, 3, 2, 1, 2072.82, 2013328, 17, 132107, 0
1022, 1524, 7, 8, 0, 0, 33.33%, 3, 2, 1, 2017.47, 2023568, 17, 132771, 0
1027, 1532, 1, 8, 0, 0, 33.33%, 3, 2, 1, 2046.25, 2033925, 17, 133406, 0
1032, 1538, 6, 8, 0, 0, 33.33%, 3, 2, 1, 1986.62, 2043212, 17, 134005, 0
1037, 1546, 7, 8, 0, 0, 33.33%, 3, 2, 1, 2090.94, 2053970, 17, 134745, 0
1043, 1553, 7, 8, 0, 0, 33.33%, 3, 2, 1, 1885.51, 2063126, 17, 135308, 0
1048, 1563, 1, 8, 0, 0, 33.33%, 3, 2, 1, 2403.37, 2075128, 17, 136065, 0
1053, 1572, 0, 8, 0, 0, 33.33%, 3, 2, 1, 2125.08, 2086828, 17, 136758, 0
1058, 1581, 1, 8, 0, 0, 33.33%, 3, 2, 1, 2329.84, 2099381, 17, 137549, 0
1063, 1591, 7, 8, 0, 0, 33.33%, 3, 2, 1, 2542.08, 2112236, 17, 138366, 0
1068, 1597, 6, 8, 0, 0, 33.33%, 3, 2, 1, 2040.10, 2121164, 17, 138884, 0
1073, 1606, 4, 8, 0, 0, 33.33%, 3, 2, 1, 2050.51, 2131385, 17, 139562, 0
1078, 1613, 6, 8, 0, 0, 33.33%, 3, 2, 1, 2030.57, 2141516, 17, 140263, 0
1084, 1621, 0, 8, 0, 0, 33.33%, 3, 2, 1, 1974.29, 2150526, 17, 140814, 0
1089, 1629, 7, 8, 0, 0, 33.33%, 3, 2, 1, 2082.88, 2160620, 17, 141408, 0
1094, 1635, 4, 8, 0, 0, 33.33%, 3, 2, 1, 1844.45, 2169558, 17, 142030, 0
1099, 1644, 6, 8, 0, 0, 33.33%, 3, 2, 1, 2067.35, 2180331, 17, 142719, 0
1104, 1652, 0, 8, 0, 0, 33.33%, 3, 2, 1, 1988.18, 2190385, 17, 143336, 0
1109, 1660, 1, 8, 0, 0, 33.33%, 3, 2, 1, 1906.17, 2200273, 17, 143951, 0
1114, 1667, 0, 8, 0, 0, 33.33%, 3, 2, 1, 1903.71, 2209673, 17, 144544, 0
1120, 1676, 7, 8, 0, 0, 33.33%, 3, 2, 1, 1957.29, 2219642, 17, 145184, 0
1125, 1684, 7, 8, 0, 0, 33.33%, 3, 2, 1, 2088.28, 2229812, 17, 145906, 0
1130, 1690, 7, 8, 0, 0, 33.33%, 3, 2, 1, 1981.49, 2239114, 17, 146477, 0
1135, 1698, 7, 8, 0, 0, 33.33%, 3, 2, 1, 1862.93, 2248931, 17, 147126, 0
1140, 1704, 7, 8, 0, 0, 33.33%, 3, 2, 1, 1748.96, 2257788, 17, 147766, 0
1145, 1712, 7, 8, 0, 0, 33.33%, 3, 2, 1, 2635.37, 2266951, 17, 148337, 0
1150, 1717, 7, 8, 0, 0, 33.33%, 3, 2, 1, 1845.70, 2274911, 17, 148904, 0
1155, 1724, 6, 8, 0, 0, 33.33%, 3, 2, 1, 1734.02, 2283569, 17, 149403, 0
1161, 1730, 0, 8, 0, 0, 33.33%, 3, 2, 1, 1839.78, 2292171, 17, 149961, 0
1166, 1739, 7, 8, 0, 0, 33.33%, 3, 2, 1, 2201.32, 2303962, 17, 150721, 0
1171, 1746, 7, 8, 0, 0, 33.33%, 3, 2, 1, 1753.92, 2312361, 17, 151179, 0
1176, 1753, 6, 8, 0, 0, 33.33%, 3, 2, 1, 2017.01, 2322538, 17, 151778, 0
1181, 1758, 7, 8, 0, 0, 33.33%, 3, 2, 1, 1611.68, 2330168, 17, 152239, 0
1186, 1765, 6, 8, 0, 0, 33.33%, 3, 2, 1, 1675.49, 2339252, 17, 152749, 0
1191, 1772, 7, 8, 0, 0, 33.33%, 3, 2, 1, 1797.67, 2348780, 17, 153354, 0
1196, 1781, 7, 8, 0, 0, 33.33%, 3, 2, 1, 2067.49, 2360315, 17, 154122, 0
1201, 1788, 6, 8, 0, 0, 33.33%, 3, 2, 1, 1869.23, 2369660, 17, 154644, 0
1207, 1795, 7, 8, 0, 0, 33.33%, 3, 2, 1, 1812.78, 2378735, 17, 155211, 0
1212, 1803, 1, 8, 0, 0, 33.33%, 3, 2, 1, 1935.67, 2388962, 17, 155832, 0
1217, 1810, 4, 8, 0, 0, 33.33%, 3, 2, 1, 1716.43, 2397620, 17, 156394, 0
1222, 1817, 7, 8, 0, 0, 33.33%, 3, 2, 1, 1743.23, 2406804, 17, 156973, 0
1227, 1823, 7, 8, 0, 0, 33.33%, 3, 2, 1, 1727.47, 2415661, 17, 157520, 0
1232, 1833, 7, 8, 0, 0, 33.33%, 3, 2, 1, 2016.80, 2427477, 17, 158189, 0
1237, 1840, 7, 8, 0, 0, 33.33%, 3, 2, 1, 1856.92, 2436631, 17, 158756, 0
1242, 1848, 6, 8, 0, 0, 33.33%, 3, 2, 1, 2104.48, 2447535, 17, 159443, 0
1248, 1856, 7, 8, 0, 0, 33.33%, 3, 2, 1, 2293.52, 2459370, 17, 160214, 0
1253, 1865, 6, 8, 0, 0, 33.33%, 3, 2, 1, 2209.20, 2470771, 17, 160914, 0
1258, 1872, 7, 8, 0, 0, 33.33%, 3, 2, 1, 1856.10, 2479323, 17, 161394, 0
1263, 1877, 6, 8, 0, 0, 33.33%, 3, 2, 1, 1801.00, 2486972, 17, 161877, 0
1268, 1885, 6, 8, 0, 0, 33.33%, 3, 2, 1, 1855.93, 2496825, 17, 162472, 0
1273, 1894, 6, 8, 0, 0, 33.33%, 3, 2, 1, 2106.26, 2507569, 17, 163110, 0
1278, 1900, 7, 8, 0, 0, 33.33%, 3, 2, 1, 1845.54, 2516277, 17, 163646, 0
1283, 1908, 6, 8, 0, 0, 33.33%, 3, 2, 1, 1909.61, 2526177, 17, 164209, 0
1289, 1913, 6, 8, 0, 0, 33.33%, 3, 2, 1, 1447.36, 2533436, 17, 164649, 0
1294, 1922, 6, 8, 0, 0, 33.33%, 3, 2, 1, 1941.10, 2544782, 17, 165374, 0
1299, 1929, 6, 8, 0, 0, 33.33%, 3, 2, 1, 1807.66, 2553722, 17, 165940, 0
1304, 1936, 7, 8, 0, 0, 33.33%, 3, 2, 1, 1729.75, 2562821, 17, 166412, 0
1309, 1942, 7, 8, 0, 0, 33.33%, 3, 2, 1, 1892.65, 2571939, 17, 167055, 0
1314, 1949, 4, 8, 0, 0, 33.33%, 3, 2, 1, 1923.25, 2581536, 17, 167671, 0
1319, 1957, 6, 8, 0, 0, 33.33%, 3, 2, 1, 1975.36, 2592082, 17, 168341, 0
1324, 1964, 7, 8, 0, 0, 33.33%, 3, 2, 1, 1936.15, 2601854, 17, 169037, 0
1329, 1970, 1, 8, 0, 0, 33.33%, 3, 2, 1, 1793.63, 2610636, 17, 169607, 0
1335, 1977, 6, 8, 0, 0, 33.33%, 3, 2, 1, 2141.79, 2621251, 17, 170288, 0
1340, 1985, 1, 8, 0, 0, 33.33%, 3, 2, 1, 2063.34, 2630765, 17, 170859, 0
1345, 1991, 6, 8, 0, 0, 33.33%, 3, 2, 1, 1949.16, 2640354, 17, 171577, 0
1350, 1998, 7, 8, 0, 0, 33.33%, 3, 2, 1, 1797.39, 2649507, 17, 172181, 0
1355, 2005, 7, 8, 0, 0, 33.33%, 3, 2, 1, 1755.29, 2657923, 17, 172697, 0
1360, 2014, 7, 8, 0, 0, 33.33%, 3, 2, 1, 2025.13, 2669513, 17, 173435, 0
1365, 2024, 7, 8, 0, 0, 33.33%, 3, 2, 1, 3357.70, 2683506, 17, 174207, 0
1370, 2031, 7, 8, 0, 0, 33.33%, 3, 2, 1, 2537.81, 2694336, 17, 174910, 0
1375, 2041, 1, 8, 0, 0, 33.33%, 3, 2, 1, 2755.10, 2706441, 17, 175637, 0
1380, 2051, 7, 8, 0, 0, 33.33%, 3, 2, 1, 2474.13, 2718779, 17, 176300, 0
1386, 2059, 4, 8, 0, 0, 33.33%, 3, 2, 1, 817.08, 2730339, 17, 177079, 0
1391, 2067, 1, 8, 0, 0, 33.33%, 3, 2, 1, 1856.13, 2741459, 17, 177784, 0
1396, 2077, 7, 8, 0, 0, 33.33%, 3, 2, 1, 2220.02, 2754227, 17, 178635, 0
1401, 2087, 1, 8, 0, 0, 33.33%, 3, 2, 1, 3292.88, 2766636, 17, 179484, 0
1406, 2097, 7, 8, 0, 0, 33.33%, 3, 2, 1, 643.90, 2780020, 17, 180252, 0
1411, 2105, 7, 8, 0, 0, 33.33%, 3, 2, 1, 1382.66, 2790986, 17, 180951, 0
1416, 2115, 7, 8, 0, 0, 33.33%, 3, 2, 1, 2253.57, 2803509, 17, 181706, 0
1421, 2124, 7, 8, 0, 0, 33.33%, 3, 2, 1, 2349.43, 2814725, 17, 182407, 0
1426, 2131, 1, 8, 0, 0, 33.33%, 3, 2, 1, 2115.07, 2824627, 17, 183046, 0
1432, 2140, 6, 8, 0, 0, 33.33%, 3, 2, 1, 2471.89, 2835886, 17, 183701, 0
1437, 2148, 1, 8, 0, 0, 33.33%, 3, 2, 1, 2187.59, 2846773, 17, 184485, 0
1442, 2156, 6, 8, 0, 0, 33.33%, 3, 2, 1, 1979.91, 2856713, 17, 185100, 0
1447, 2163, 4, 8, 0, 0, 33.33%, 3, 2, 1, 2181.91, 2867269, 17, 185748, 0
1452, 2172, 7, 8, 0, 0, 33.33%, 3, 2, 1, 2268.48, 2878432, 17, 186533, 0
1457, 2181, 6, 8, 0, 0, 33.33%, 3, 2, 1, 2343.09, 2889975, 17, 187270, 0
1462, 2189, 1, 8, 0, 0, 33.33%, 3, 2, 1, 2328.29, 2901329, 17, 188026, 0
1467, 2198, 1, 8, 0, 0, 33.33%, 3, 2, 1, 2377.61, 2914129, 17, 188912, 0
1472, 2207, 7, 8, 0, 0, 33.33%, 3, 2, 1, 2076.60, 2924869, 17, 189625, 0
1477, 2216, 6, 8, 0, 0, 33.33%, 3, 2, 1, 2356.20, 2937083, 17, 190366, 0
1483, 2225, 7, 8, 0, 0, 33.33%, 3, 2, 1, 3502.49, 2948867, 17, 191039, 0
1488, 2232, 0, 8, 0, 0, 33.33%, 3, 2, 1, 1969.96, 2958925, 17, 191660, 0
1493, 2242, 7, 8, 0, 0, 33.33%, 3, 2, 1, 2371.30, 2971783, 17, 192474, 0
1498, 2251, 7, 8, 0, 0, 33.33%, 3, 2, 1, 2928.07, 2983058, 17, 193161, 0
1503, 2261, 7, 8, 0, 0, 33.33%, 3, 2, 1, 2635.52, 2995739, 17, 194013, 0
1508, 2270, 7, 8, 0, 0, 33.33%, 3, 2, 1, 2537.10, 3008396, 17, 194838, 0
1513, 2276, 7, 8, 0, 0, 33.33%, 3, 2, 1, 1479.20, 3017147, 17, 195421, 0
1518, 2286, 1, 8, 0, 0, 33.33%, 3, 2, 1, 2255.17, 3029231, 17, 196203, 0
1523, 2295, 6, 8, 0, 0, 33.33%, 3, 2, 1, 2520.22, 3042287, 17, 197085, 0
1528, 2303, 6, 8, 0, 0, 33.33%, 3, 2, 1, 2123.60, 3052816, 17, 197807, 0
1533, 2312, 7, 8, 0, 0, 33.33%, 3, 2, 1, 2495.39, 3065387, 17, 198611, 0
1539, 2320, 7, 8, 0, 0, 33.33%, 3, 2, 1, 2305.04, 3076125, 17, 199242, 0
1544, 2328, 7, 8, 0, 0, 33.33%, 3, 2, 1, 2180.06, 3086669, 17, 199885, 0
1549, 2336, 7, 8, 0, 0, 33.33%, 3, 2, 1, 2104.07, 3096304, 17, 200516, 0
1554, 2344, 6, 8, 0, 0, 33.33%, 3, 2, 1, 2127.87, 3107421, 17, 201138, 0
1559, 2352, 7, 8, 0, 0, 33.33%, 3, 2, 1, 2348.29, 3117882, 17, 201736, 0
1564, 2356, 6, 8, 0, 0, 33.33%, 3, 2, 1, 1327.32, 3123113, 17, 202107, 0
1569, 2360, 6, 8, 0, 0, 33.33%, 3, 2, 1, 1253.45, 3129362, 17, 202490, 0
1574, 2363, 0, 8, 0, 0, 33.33%, 3, 2, 1, 842.53, 3133154, 17, 202746, 0
1579, 2372, 1, 8, 0, 0, 33.33%, 3, 2, 1, 2597.40, 3144839, 17, 203568, 0
1584, 2379, 4, 8, 0, 0, 33.33%, 3, 2, 1, 1125.01, 3153759, 17, 204082, 0
1589, 2385, 7, 8, 0, 0, 33.33%, 3, 2, 1, 1621.49, 3162299, 17, 204604, 0
1594, 2392, 7, 8, 0, 0, 33.33%, 3, 2, 1, 1755.08, 3171881, 17, 205273, 0
1600, 2401, 7, 8, 0, 0, 33.33%, 3, 2, 1, 1828.51, 3182177, 17, 205909, 0
1605, 2407, 7, 8, 0, 0, 33.33%, 3, 2, 1, 1760.88, 3190107, 17, 206404, 0
1610, 2414, 7, 8, 0, 0, 33.33%, 3, 2, 1, 1850.81, 3199877, 17, 207018, 0
1615, 2422, 7, 8, 0, 0, 33.33%, 3, 2, 1, 1946.57, 3209897, 17, 207610, 0
1620, 2427, 7, 8, 0, 0, 33.33%, 3, 2, 1, 1595.52, 3217186, 17, 208051, 0
1625, 2437, 7, 8, 0, 0, 33.33%, 3, 2, 1, 2109.06, 3228210, 17, 208764, 0
1631, 2445, 7, 8, 0, 0, 33.33%, 3, 2, 1, 2171.67, 3239936, 17, 209548, 0
1636, 2454, 7, 8, 0, 0, 33.33%, 3, 2, 1, 2108.73, 3250371, 17, 210178, 0
1641, 2461, 0, 8, 0, 0, 33.33%, 3, 2, 1, 2367.90, 3259984, 17, 210731, 0
1646, 2470, 7, 8, 0, 0, 33.33%, 3, 2, 1, 2330.42, 3271775, 17, 211421, 0
1651, 2477, 7, 8, 0, 0, 33.33%, 3, 2, 1, 1966.02, 3281026, 17, 212050, 0
1656, 2483, 6, 8, 0, 0, 33.33%, 3, 2, 1, 2089.81, 3290516, 17, 212609, 0
1661, 2490, 7, 8, 0, 0, 33.33%, 3, 2, 1, 1809.36, 3299611, 17, 213244, 0
1666, 2496, 6, 8, 0, 0, 33.33%, 3, 2, 1, 1752.39, 3307939, 17, 213737, 0
1671, 2504, 7, 8, 0, 0, 33.33%, 3, 2, 1, 1929.01, 3317951, 17, 214335, 0
1677, 2510, 7, 8, 0, 0, 33.33%, 3, 2, 1, 1598.38, 3326552, 17, 214873, 0
1682, 2517, 1, 8, 0, 0, 33.33%, 3, 2, 1, 1890.14, 3336113, 17, 215483, 0
1687, 2525, 6, 8, 0, 0, 33.33%, 3, 2, 1, 2166.85, 3346813, 17, 216175, 0
1692, 2534, 7, 8, 0, 0, 33.33%, 3, 2, 1, 2478.69, 3358338, 17, 216863, 0
1697, 2542, 6, 8, 0, 0, 33.33%, 3, 2, 1, 2112.59, 3368428, 17, 217449, 0
1702, 2550, 7, 8, 0, 0, 33.33%, 3, 2, 1, 1983.28, 3378986, 17, 218111, 0
1707, 2558, 6, 8, 0, 0, 33.33%, 3, 2, 1, 1894.11, 3388624, 17, 218715, 0
1712, 2564, 6, 8, 0, 0, 33.33%, 3, 2, 1, 1991.74, 3397576, 17, 219251, 0
1717, 2572, 4, 8, 0, 0, 33.33%, 3, 2, 1, 2161.21, 3407886, 17, 219919, 0
1723, 2582, 1, 8, 0, 0, 33.33%, 3, 2, 1, 2245.82, 3420432, 17, 220668, 0
1728, 2590, 7, 8, 0, 0, 33.33%, 3, 2, 1, 2040.24, 3431386, 17, 221407, 0
1733, 2599, 1, 8, 0, 0, 33.33%, 3, 2, 1, 2187.57, 3442931, 17, 222164, 0
1738, 2606, 7, 8, 0, 0, 33.33%, 3, 2, 1, 2562.24, 3451787, 17, 222646, 0
1743, 2616, 0, 8, 0, 0, 33.33%, 3, 2, 1, 2372.10, 3463584, 17, 223435, 0
1748, 2625, 6, 8, 0, 0, 33.33%, 3, 2, 1, 2280.78, 3475332, 17, 224127, 0
1753, 2632, 7, 8, 0, 0, 33.33%, 3, 2, 1, 1906.56, 3485063, 17, 224780, 0
1758, 2641, 7, 8, 0, 0, 33.33%, 3, 2, 1, 2136.09, 3496713, 17, 225525, 0
1763, 2649, 7, 8, 0, 0, 33.33%, 3, 2, 1, 2073.09, 3506797, 17, 226195, 0
1769, 2659, 7, 8, 0, 0, 33.33%, 3, 2, 1, 2491.32, 3519833, 17, 227023, 0
1774, 2669, 7, 8, 0, 0, 33.33%, 3, 2, 1, 1568.19, 3531782, 17, 227736, 0
1779, 2679, 7, 8, 0, 0, 33.33%, 3, 2, 1, 2302.40, 3544472, 17, 228517, 0
1784, 2687, 7, 8, 0, 0, 33.33%, 3, 2, 1, 2234.49, 3555282, 17, 229219, 0
1789, 2694, 6, 8, 0, 0, 33.33%, 3, 2, 1, 2175.66, 3566259, 17, 229997, 0
1794, 2702, 4, 8, 0, 0, 33.33%, 3, 2, 1, 2148.61, 3577086, 17, 230613, 0
1799, 2709, 6, 8, 0, 0, 33.33%, 3, 2, 1, 1928.14, 3586413, 17, 231206, 0
1804, 2717, 7, 8, 0, 0, 33.33%, 3, 2, 1, 2097.17, 3597023, 17, 231840, 0
1809, 2724, 7, 8, 0, 0, 33.33%, 3, 2, 1, 1855.84, 3606448, 17, 232432, 0
1814, 2731, 6, 8, 0, 0, 33.33%, 3, 2, 1, 1817.29, 3615367, 17, 233020, 0
1819, 2739, 6, 8, 0, 0, 33.33%, 3, 2, 1, 1920.02, 3625375, 17, 233658, 0
1825, 2743, 7, 8, 0, 0, 33.33%, 3, 2, 1, 1053.69, 3632167, 17, 234119, 0
1830, 2753, 6, 8, 0, 0, 33.33%, 3, 2, 1, 2135.54, 3644243, 17, 234825, 0
1835, 2761, 1, 8, 0, 0, 33.33%, 3, 2, 1, 2075.63, 3654767, 17, 235461, 0
1840, 2769, 6, 8, 0, 0, 33.33%, 3, 2, 1, 1949.68, 3664851, 17, 236100, 0
1845, 2777, 7, 8, 0, 0, 33.33%, 3, 2, 1, 2042.44, 3674827, 17, 236697, 0
1850, 2783, 6, 8, 0, 0, 33.33%, 3, 2, 1, 1920.21, 3684167, 17, 237215, 0
1855, 2788, 6, 8, 0, 0, 33.33%, 3, 2, 1, 2551.94, 3691790, 17, 237704, 0
1860, 2797, 4, 8, 0, 0, 33.33%, 3, 2, 1, 2167.17, 3702080, 17, 238337, 0
1865, 2804, 7, 8, 0, 0, 33.33%, 3, 2, 1, 1880.78, 3711525, 17, 238929, 0
1870, 2810, 7, 8, 0, 0, 33.33%, 3, 2, 1, 1513.45, 3718499, 17, 239315, 0
1876, 2816, 7, 8, 0, 0, 33.33%, 3, 2, 1, 1630.17, 3727985, 17, 239929, 0
1881, 2824, 7, 8, 0, 0, 33.33%, 3, 2, 1, 1845.33, 3737572, 17, 240449, 0
1886, 2831, 7, 8, 0, 0, 33.33%, 3, 2, 1, 1966.08, 3747889, 17, 241146, 0
1891, 2840, 6, 8, 0, 0, 33.33%, 3, 2, 1, 2098.22, 3759079, 17, 241883, 0
1896, 2848, 7, 8, 0, 0, 33.33%, 3, 2, 1, 2790.79, 3769658, 17, 242521, 0
1901, 2855, 7, 8, 0, 0, 33.33%, 3, 2, 1, 2098.05, 3779021, 17, 243143, 0
1906, 2862, 7, 8, 0, 0, 33.33%, 3, 2, 1, 1935.76, 3787581, 17, 243633, 0
1912, 2870, 4, 8, 0, 0, 33.33%, 3, 2, 1, 2368.42, 3799832, 17, 244377, 0
1917, 2876, 1, 8, 0, 0, 33.33%, 3, 2, 1, 1262.46, 3808133, 17, 244902, 0
1922, 2884, 7, 8, 0, 0, 33.33%, 3, 2, 1, 1857.60, 3818481, 17, 245633, 0
1927, 2892, 1, 8, 0, 0, 33.33%, 3, 2, 1, 1846.08, 3827636, 17, 246132, 0
1932, 2899, 7, 8, 0, 0, 33.33%, 3, 2, 1, 1863.66, 3837427, 17, 246757, 0
1937, 2908, 7, 8, 0, 0, 33.33%, 3, 2, 1, 977.11, 3847207, 17, 247348, 0
1942, 2915, 6, 8, 0, 0, 33.33%, 3, 2, 1, 1853.85, 3858057, 17, 247977, 0
1948, 2922, 7, 8, 0, 0, 33.33%, 3, 2, 1, 1805.84, 3868085, 17, 248630, 0
1953, 2929, 7, 8, 0, 0, 33.33%, 3, 2, 1, 1838.06, 3877317, 17, 249229, 0
1958, 2937, 7, 8, 0, 0, 33.33%, 3, 2, 1, 1871.88, 3887198, 17, 249803, 0
1963, 2943, 7, 8, 0, 0, 33.33%, 3, 2, 1, 2365.04, 3896433, 17, 250388, 0
1968, 2950, 6, 8, 0, 0, 33.33%, 3, 2, 1, 1961.36, 3906027, 17, 250996, 0
1973, 2958, 7, 8, 0, 0, 33.33%, 3, 2, 1, 2149.31, 3916380, 17, 251607, 0
1978, 2965, 6, 8, 0, 0, 33.33%, 3, 2, 1, 2070.20, 3926251, 17, 252276, 0
1983, 2973, 7, 8, 0, 0, 33.33%, 3, 2, 1, 2129.02, 3937259, 17, 253037, 0
1988, 2981, 7, 8, 0, 0, 33.33%, 3, 2, 1, 2174.61, 3948575, 17, 253740, 0
1994, 2989, 4, 8, 0, 0, 33.33%, 3, 2, 1, 2179.96, 3958971, 17, 254362, 0
1999, 2998, 6, 8, 0, 0, 33.33%, 3, 2, 1, 2131.87, 3969978, 17, 255076, 0
2004, 3007, 7, 8, 0, 0, 33.33%, 3, 2, 1, 2366.52, 3982181, 17, 255894, 0
2009, 3014, 6, 8, 0, 0, 33.33%, 3, 2, 1, 1998.04, 3991075, 17, 256502, 0
2014, 3024, 6, 8, 0, 0, 33.33%, 3, 2, 1, 2361.36, 4004075, 17, 257284, 0
2019, 3033, 4, 8, 0, 0, 33.33%, 3, 2, 1, 2018.70, 4014778, 17, 258004, 0
2024, 3037, 6, 8, 0, 0, 33.33%, 3, 2, 1, 967.30, 4021067, 17, 258373, 0
2030, 3042, 7, 8, 0, 0, 33.33%, 3, 2, 1, 1347.83, 4027717, 17, 258756, 0
2035, 3049, 6, 8, 0, 0, 33.33%, 3, 2, 1, 1669.62, 4036036, 17, 259259, 0
2040, 3056, 7, 8, 0, 0, 33.33%, 3, 2, 1, 2037.27, 4046527, 17, 259867, 0
2045, 3063, 7, 8, 0, 0, 33.33%, 3, 2, 1, 1668.27, 4054871, 17, 260409, 0
2050, 3070, 6, 8, 0, 0, 33.33%, 3, 2, 1, 1657.68, 4063329, 17, 260852, 0
2055, 3076, 1, 8, 0, 0, 33.33%, 3, 2, 1, 1620.92, 4071886, 17, 261360, 0
2060, 3083, 6, 8, 0, 0, 33.33%, 3, 2, 1, 1868.78, 4081472, 17, 261962, 0
2065, 3088, 1, 8, 0, 0, 33.33%, 3, 2, 1, 566.76, 4088757, 17, 262369, 0
2070, 3095, 6, 8, 0, 0, 33.33%, 3, 2, 1, 1586.13, 4097761, 17, 262976, 0
2075, 3101, 6, 8, 0, 0, 33.33%, 3, 2, 1, 1506.40, 4105316, 17, 263444, 0
2080, 3106, 6, 8, 0, 0, 33.33%, 3, 2, 1, 1628.22, 4113257, 17, 263942, 0
2086, 3112, 7, 8, 0, 0, 33.33%, 3, 2, 1, 1753.16, 4121786, 17, 264480, 0
2091, 3118, 6, 8, 0, 0, 33.33%, 3, 2, 1, 1542.26, 4128607, 17, 264906, 0
2096, 3124, 1, 8, 0, 0, 33.33%, 3, 2, 1, 1821.62, 4137523, 17, 265488, 0
2101, 3132, 7, 8, 0, 0, 33.33%, 3, 2, 1, 1883.82, 4147213, 17, 266149, 0
2106, 3139, 6, 8, 0, 0, 33.33%, 3, 2, 1, 1900.09, 4156685, 17, 266760, 0
2111, 3147, 4, 8, 0, 0, 33.33%, 3, 2, 1, 1885.52, 4166575, 17, 267408, 0
2116, 3154, 4, 8, 0, 0, 33.33%, 3, 2, 1, 1808.86, 4175722, 17, 267965, 0
2122, 3162, 7, 8, 0, 0, 33.33%, 3, 2, 1, 2316.84, 4186175, 17, 268567, 0
2127, 3169, 7, 8, 0, 0, 33.33%, 3, 2, 1, 2041.91, 4196057, 17, 269189, 0
2132, 3176, 7, 8, 0, 0, 33.33%, 3, 2, 1, 1820.61, 4204927, 17, 269767, 0
2137, 3184, 7, 8, 0, 0, 33.33%, 3, 2, 1, 1936.51, 4214925, 17, 270492, 0
2142, 3192, 0, 8, 0, 0, 33.33%, 3, 2, 1, 2136.49, 4225680, 17, 271203, 0
2147, 3199, 7, 8, 0, 0, 33.33%, 3, 2, 1, 2005.82, 4235513, 17, 271826, 0
2153, 3207, 7, 8, 0, 0, 33.33%, 3, 2, 1, 1943.49, 4244772, 17, 272378, 0
2158, 3217, 6, 8, 0, 0, 33.33%, 3, 2, 1, 2289.82, 4256919, 17, 273143, 0
2163, 3225, 7, 8, 0, 0, 33.33%, 3, 2, 1, 1907.61, 4266025, 17, 273653, 0
2168, 3232, 7, 8, 0, 0, 33.33%, 3, 2, 1, 686.15, 4276080, 17, 274195, 0
2173, 3240, 6, 8, 0, 0, 33.33%, 3, 2, 1, 1721.28, 4285629, 17, 274781, 0
2178, 3246, 7, 8, 0, 0, 33.33%, 3, 2, 1, 1739.91, 4294403, 17, 275360, 0
2183, 3253, 1, 8, 0, 0, 33.33%, 3, 2, 1, 1690.69, 4303872, 17, 275929, 0
2188, 3261, 0, 8, 0, 0, 33.33%, 3, 2, 1, 2002.72, 4314486, 17, 276566, 0
2193, 3268, 4, 8, 0, 0, 33.33%, 3, 2, 1, 1897.28, 4323611, 17, 277202, 0
2198, 3275, 1, 8, 0, 0, 33.33%, 3, 2, 1, 1822.19, 4332859, 17, 277770, 0
2203, 3281, 6, 8, 0, 0, 33.33%, 3, 2, 1, 1851.94, 4341709, 17, 278323, 0
2209, 3287, 7, 8, 0, 0, 33.33%, 3, 2, 1, 1800.55, 4350589, 17, 278972, 0
2214, 3295, 6, 8, 0, 0, 33.33%, 3, 2, 1, 1879.96, 4360167, 17, 279604, 0
2219, 3303, 7, 8, 0, 0, 33.33%, 3, 2, 1, 2438.12, 4370434, 17, 280217, 0
2224, 3310, 7, 8, 0, 0, 33.33%, 3, 2, 1, 1861.24, 4379511, 17, 280801, 0
2229, 3317, 0, 8, 0, 0, 33.33%, 3, 2, 1, 1844.94, 4388773, 17, 281470, 0
2234, 3324, 7, 8, 0, 0, 33.33%, 3, 2, 1, 1762.91, 4398231, 17, 282107, 0
2239, 3331, 7, 8, 0, 0, 33.33%, 3, 2, 1, 1885.91, 4408276, 17, 282768, 0
2245, 3338, 7, 8, 0, 0, 33.33%, 3, 2, 1, 1800.66, 4417586, 17, 283372, 0
2250, 3345, 7, 8, 0, 0, 33.33%, 3, 2, 1, 1948.48, 4427143, 17, 283950, 0
2255, 3352, 4, 8, 0, 0, 33.33%, 3, 2, 1, 2283.45, 4436177, 17, 284519, 0
2260, 3360, 7, 8, 0, 0, 33.33%, 3, 2, 1, 2035.20, 4446036, 17, 285059, 0
2265, 3368, 1, 8, 0, 0, 33.33%, 3, 2, 1, 2109.54, 4456371, 17, 285711, 0
2270, 3374, 7, 8, 0, 0, 33.33%, 3, 2, 1, 1835.93, 4465822, 17, 286393, 0
2275, 3381, 7, 8, 0, 0, 33.33%, 3, 2, 1, 1823.36, 4474785, 17, 286949, 0
2280, 3387, 7, 8, 0, 0, 33.33%, 3, 2, 1, 1732.49, 4483089, 17, 287449, 0
2285, 3394, 7, 8, 0, 0, 33.33%, 3, 2, 1, 1735.21, 4492107, 17, 287928, 0
2290, 3400, 0, 8, 0, 0, 33.33%, 3, 2, 1, 893.84, 4500767, 17, 288483, 0
2296, 3408, 6, 8, 0, 0, 33.33%, 3, 2, 1, 1790.84, 4510785, 17, 289094, 0
2301, 3416, 7, 8, 0, 0, 33.33%, 3, 2, 1, 1969.91, 4521586, 17, 289785, 0
2306, 3425, 6, 8, 0, 0, 33.33%, 3, 2, 1, 2325.53, 4533417, 17, 290574, 0
2311, 3432, 7, 8, 0, 0, 33.33%, 3, 2, 1, 1971.06, 4543601, 17, 291177, 0
2316, 3439, 7, 8, 0, 0, 33.33%, 3, 2, 1, 1542.15, 4551469, 17, 291634, 0
2321, 3446, 7, 8, 0, 0, 33.33%, 3, 2, 1, 1832.07, 4561545, 17, 292266, 0
2326, 3453, 6, 8, 0, 0, 33.33%, 3, 2, 1, 1867.22, 4570795, 17, 292887, 0
2331, 3459, 6, 8, 0, 0, 33.33%, 3, 2, 1, 1469.35, 4579543, 17, 293431, 0
2337, 3467, 7, 8, 0, 0, 33.33%, 3, 2, 1, 1960.98, 4590097, 17, 294187, 0
2342, 3475, 7, 8, 0, 0, 33.33%, 3, 2, 1, 2145.51, 4601286, 17, 294930, 0
2347, 3482, 1, 8, 0, 0, 33.33%, 3, 2, 1, 1820.14, 4610487, 17, 295472, 0
2352, 3489, 1, 8, 0, 0, 33.33%, 3, 2, 1, 1815.49, 4619923, 17, 296136, 0
2357, 3497, 7, 8, 0, 0, 33.33%, 3, 2, 1, 338.65, 4629374, 17, 296670, 0
2362, 3503, 1, 8, 0, 0, 33.33%, 3, 2, 1, 1986.15, 4638627, 17, 297220, 0
2367, 3511, 1, 8, 0, 0, 33.33%, 3, 2, 1, 1977.36, 4649065, 17, 297874, 0
2372, 3518, 7, 8, 0, 0, 33.33%, 3, 2, 1, 1856.05, 4658572, 17, 298519, 0
2377, 3524, 7, 8, 0, 0, 33.33%, 3, 2, 1, 1633.50, 4666501, 17, 298946, 0
2383, 3531, 7, 8, 0, 0, 33.33%, 3, 2, 1, 1567.76, 4675297, 17, 299465, 0
2388, 3537, 6, 8, 0, 0, 33.33%, 3, 2, 1, 1546.55, 4682871, 17, 299948, 0
2393, 3544, 7, 8, 0, 0, 33.33%, 3, 2, 1, 1815.52, 4692509, 17, 300627, 0
2398, 3550, 7, 8, 0, 0, 33.33%, 3, 2, 1, 1723.77, 4701521, 17, 301127, 0
2403, 3557, 1, 8, 0, 0, 33.33%, 3, 2, 1, 1890.95, 4710463, 17, 301638, 0
2408, 3564, 7, 8, 0, 0, 33.33%, 3, 2, 1, 1782.12, 4719998, 17, 302216, 0
2413, 3571, 1, 8, 0, 0, 33.33%, 3, 2, 1, 1887.86, 4729436, 17, 302843, 0
2419, 3579, 0, 8, 0, 0, 33.33%, 3, 2, 1, 1759.34, 4738722, 17, 303450, 0
2424, 3585, 7, 8, 0, 0, 33.33%, 3, 2, 1, 1963.37, 4747425, 17, 303993, 0
2429, 3591, 6, 8, 0, 0, 33.33%, 3, 2, 1, 2008.81, 4755354, 17, 304433, 0
2434, 3599, 7, 8, 0, 0, 33.33%, 3, 2, 1, 2155.10, 4766509, 17, 305186, 0
2439, 3608, 7, 8, 0, 0, 33.33%, 3, 2, 1, 2009.96, 4776551, 17, 305825, 0
2444, 3614, 7, 8, 0, 0, 33.33%, 3, 2, 1, 1686.14, 4784603, 17, 306449, 0
2449, 3620, 1, 8, 0, 0, 33.33%, 3, 2, 1, 1887.81, 4794009, 17, 307052, 0
2455, 3628, 6, 8, 0, 0, 33.33%, 3, 2, 1, 1945.94, 4803963, 17, 307764, 0
2460, 3634, 7, 8, 0, 0, 33.33%, 3, 2, 1, 1826.13, 4813173, 17, 308383, 0
2465, 3641, 7, 8, 0, 0, 33.33%, 3, 2, 1, 1911.16, 4822863, 17, 308974, 0
2470, 3648, 7, 8, 0, 0, 33.33%, 3, 2, 1, 1795.32, 4831872, 17, 309610, 0
2475, 3657, 6, 8, 0, 0, 33.33%, 3, 2, 1, 2134.35, 4843021, 17, 310369, 0
2480, 3664, 7, 8, 0, 0, 33.33%, 3, 2, 1, 2004.45, 4852607, 17, 310998, 0
2485, 3671, 7, 8, 0, 0, 33.33%, 3, 2, 1, 2004.50, 4863017, 17, 311743, 0
2490, 3678, 7, 8, 0, 0, 33.33%, 3, 2, 1, 1803.09, 4871886, 17, 312334, 0
2495, 3684, 0, 8, 0, 0, 33.33%, 3, 2, 1, 1702.45, 4880418, 17, 312895, 0
2500, 3692, 7, 8, 0, 0, 33.33%, 3, 2, 1, 2040.16, 4891628, 17, 313550, 0
2505, 3699, 7, 8, 0, 0, 33.33%, 3, 2, 1, 1875.53, 4900974, 17, 314104, 0
2511, 3707, 7, 8, 0, 0, 33.33%, 3, 2, 1, 2103.45, 4911771, 17, 314842, 0
2516, 3714, 1, 8, 0, 0, 33.33%, 3, 2, 1, 1860.64, 4920524, 17, 315374, 0
2521, 3720, 7, 8, 0, 0, 33.33%, 3, 2, 1, 1724.15, 4929442, 17, 315889, 0
2526, 3726, 6, 8, 0, 0, 33.33%, 3, 2, 1, 1749.33, 4937689, 17, 316439, 0
2531, 3733, 7, 8, 0, 0, 33.33%, 3, 2, 1, 1874.98, 4947177, 17, 317037, 0
2537, 3740, 6, 8, 0, 0, 33.33%, 3, 2, 1, 1927.91, 4957032, 17, 317688, 0
2542, 3747, 1, 8, 0, 0, 33.33%, 3, 2, 1, 1882.67, 4966124, 17, 318241, 0
2547, 3754, 7, 8, 0, 0, 33.33%, 3, 2, 1, 1828.77, 4975981, 17, 318892, 0
2552, 3761, 7, 8, 0, 0, 33.33%, 3, 2, 1, 2016.17, 4986207, 17, 319591, 0
2557, 3768, 6, 8, 0, 0, 33.33%, 3, 2, 1, 2003.70, 4995707, 17, 320210, 0
2562, 3776, 0, 8, 0, 0, 33.33%, 3, 2, 1, 2084.64, 5005486, 17, 320817, 0
2567, 3785, 7, 8, 0, 0, 33.33%, 3, 2, 1, 2374.26, 5016983, 17, 321479, 0
2572, 3793, 7, 8, 0, 0, 33.33%, 3, 2, 1, 2610.78, 5027943, 17, 322145, 0
2577, 3801, 4, 8, 0, 0, 33.33%, 3, 2, 1, 2245.69, 5037077, 17, 322772, 0
2582, 3806, 7, 8, 0, 0, 33.33%, 3, 2, 1, 1639.09, 5043969, 17, 323165, 0
2587, 3814, 7, 8, 0, 0, 33.33%, 3, 2, 1, 1912.67, 5054536, 17, 323778, 0
2593, 3822, 6, 8, 0, 0, 33.33%, 3, 2, 1, 2009.61, 5064725, 17, 324426, 0
2598, 3827, 7, 8, 0, 0, 33.33%, 3, 2, 1, 1528.65, 5072233, 17, 324931, 0
2603, 3834, 7, 8, 0, 0, 33.33%, 3, 2, 1, 1866.49, 5081777, 17, 325535, 0
2608, 3841, 6, 8, 0, 0, 33.33%, 3, 2, 1, 2042.41, 5092582, 17, 326198, 0
2613, 3849, 7, 8, 0, 0, 33.33%, 3, 2, 1, 1695.08, 5101103, 17, 326761, 0
2618, 3856, 0, 8, 0, 0, 33.33%, 3, 2, 1, 2298.91, 5111633, 17, 327433, 0
2624, 3862, 1, 8, 0, 0, 33.33%, 3, 2, 1, 1848.32, 5120536, 17, 327932, 0
2629, 3869, 7, 8, 0, 0, 33.33%, 3, 2, 1, 1942.12, 5130204, 17, 328601, 0
2634, 3877, 4, 8, 0, 0, 33.33%, 3, 2, 1, 1845.90, 5139609, 17, 329172, 0
2639, 3884, 7, 8, 0, 0, 33.33%, 3, 2, 1, 1730.28, 5148592, 17, 329791, 0
2644, 3892, 4, 8, 0, 0, 33.33%, 3, 2, 1, 2144.16, 5159369, 17, 330397, 0
2649, 3901, 7, 8, 0, 0, 33.33%, 3, 2, 1, 2051.68, 5169986, 17, 331110, 0
2654, 3909, 7, 8, 0, 0, 33.33%, 3, 2, 1, 1919.42, 5180175, 17, 331768, 0
2660, 3916, 7, 8, 0, 0, 33.33%, 3, 2, 1, 2012.89, 5189910, 17, 332403, 0
2665, 3922, 7, 8, 0, 0, 33.33%, 3, 2, 1, 1641.12, 5198120, 17, 332866, 0
2670, 3927, 7, 8, 0, 0, 33.33%, 3, 2, 1, 1552.40, 5206018, 17, 333355, 0
2675, 3934, 7, 8, 0, 0, 33.33%, 3, 2, 1, 1939.51, 5215404, 17, 333969, 0
2680, 3940, 6, 8, 0, 0, 33.33%, 3, 2, 1, 1873.49, 5224472, 17, 334550, 0
2685, 3947, 7, 8, 0, 0, 33.33%, 3, 2, 1, 1845.28, 5234045, 17, 335114, 0
2690, 3956, 7, 8, 0, 0, 33.33%, 3, 2, 1, 2151.75, 5245409, 17, 335873, 0
2695, 3965, 7, 8, 0, 0, 33.33%, 3, 2, 1, 2172.90, 5256619, 17, 336509, 0
2701, 3972, 7, 8, 0, 0, 33.33%, 3, 2, 1, 1970.45, 5266551, 17, 337124, 0
2706, 3978, 7, 8, 0, 0, 33.33%, 3, 2, 1, 1698.43, 5274957, 17, 337671, 0
2711, 3985, 7, 8, 0, 0, 33.33%, 3, 2, 1, 1985.36, 5285426, 17, 338338, 0
2716, 3992, 0, 8, 0, 0, 33.33%, 3, 2, 1, 1920.76, 5294824, 17, 338955, 0
2721, 3999, 7, 8, 0, 0, 33.33%, 3, 2, 1, 1807.24, 5304248, 17, 339554, 0
2726, 4005, 6, 8, 0, 0, 33.33%, 3, 2, 1, 1634.60, 5312318, 17, 340061, 0
2731, 4013, 4, 8, 0, 0, 33.33%, 3, 2, 1, 1990.97, 5322826, 17, 340745, 0
2736, 4019, 6, 8, 0, 0, 33.33%, 3, 2, 1, 1704.37, 5331483, 17, 341333, 0
2742, 4026, 6, 8, 0, 0, 33.33%, 3, 2, 1, 1885.05, 5341048, 17, 341883, 0
2747, 4034, 4, 8, 0, 0, 33.33%, 3, 2, 1, 2114.30, 5351919, 17, 342557, 0
2752, 4043, 6, 8, 0, 0, 33.33%, 3, 2, 1, 2071.84, 5363217, 17, 343326, 0
2757, 4050, 6, 8, 0, 0, 33.33%, 3, 2, 1, 1991.93, 5372707, 17, 343961, 0
2762, 4057, 6, 8, 0, 0, 33.33%, 3, 2, 1, 1834.29, 5381881, 17, 344579, 0
2767, 4066, 6, 8, 0, 0, 33.33%, 3, 2, 1, 2261.65, 5393723, 17, 345282, 0
2772, 4075, 6, 8, 0, 0, 33.33%, 3, 2, 1, 2176.09, 5404459, 17, 345968, 0
2777, 4081, 1, 8, 0, 0, 33.33%, 3, 2, 1, 1865.17, 5413674, 17, 346588, 0
2783, 4089, 7, 8, 0, 0, 33.33%, 3, 2, 1, 2053.42, 5424236, 17, 347264, 0
2788, 4098, 1, 8, 0, 0, 33.33%, 3, 2, 1, 2264.21, 5435973, 17, 347933, 0
2793, 4107, 7, 8, 0, 0, 33.33%, 3, 2, 1, 2438.84, 5446387, 17, 348519, 0
2798, 4114, 7, 8, 0, 0, 33.33%, 3, 2, 1, 2021.64, 5456201, 17, 349099, 0
2803, 4124, 1, 8, 0, 0, 33.33%, 3, 2, 1, 2330.71, 5468331, 17, 349877, 0
2808, 4131, 6, 8, 0, 0, 33.33%, 3, 2, 1, 2079.35, 5477915, 17, 350481, 0
2813, 4139, 0, 8, 0, 0, 33.33%, 3, 2, 1, 2027.43, 5488377, 17, 351150, 0
2818, 4148, 7, 8, 0, 0, 33.33%, 3, 2, 1, 1961.62, 5498993, 17, 351827, 0
2824, 4154, 1, 8, 0, 0, 33.33%, 3, 2, 1, 1809.30, 5507823, 17, 352362, 0
2829, 4161, 1, 8, 0, 0, 33.33%, 3, 2, 1, 1725.49, 5516870, 17, 352987, 0
2834, 4169, 6, 8, 0, 0, 33.33%, 3, 2, 1, 2070.83, 5527576, 17, 353663, 0
2839, 4177, 7, 8, 0, 0, 33.33%, 3, 2, 1, 2064.75, 5537886, 17, 354314, 0
2844, 4186, 7, 8, 0, 0, 33.33%, 3, 2, 1, 2056.47, 5548815, 17, 354906, 0
2849, 4192, 7, 8, 0, 0, 33.33%, 3, 2, 1, 1792.47, 5557957, 17, 355480, 0
2854, 4200, 1, 8, 0, 0, 33.33%, 3, 2, 1, 1945.80, 5567486, 17, 356023, 0
2859, 4209, 7, 8, 0, 0, 33.33%, 3, 2, 1, 2120.74, 5578379, 17, 356725, 0
2864, 4213, 7, 8, 0, 0, 33.33%, 3, 2, 1, 1572.66, 5585486, 17, 357205, 0
2869, 4221, 6, 8, 0, 0, 33.33%, 3, 2, 1, 1794.21, 5595112, 17, 357863, 0
2875, 4228, 1, 8, 0, 0, 33.33%, 3, 2, 1, 1736.94, 5604922, 17, 358427, 0
2880, 4236, 1, 8, 0, 0, 33.33%, 3, 2, 1, 1939.73, 5614676, 17, 359036, 0
2885, 4242, 7, 8, 0, 0, 33.33%, 3, 2, 1, 1917.05, 5624701, 17, 359605, 0
2890, 4249, 1, 8, 0, 0, 33.33%, 3, 2, 1, 1931.62, 5634374, 17, 360251, 0
2895, 4257, 4, 8, 0, 0, 33.33%, 3, 2, 1, 1931.57, 5644324, 17, 360883, 0
2900, 4259, 1, 8, 0, 0, 33.33%, 3, 2, 1, 243.91, 5647886, 17, 361061, 0
2905, 4262, 7, 8, 0, 0, 33.33%, 3, 2, 1, 797.00, 5652282, 17, 361323, 0
2910, 4267, 6, 8, 0, 0, 33.33%, 3, 2, 1, 1125.76, 5659119, 17, 361654, 0
2915, 4272, 7, 8, 0, 0, 33.33%, 3, 2, 1, 1239.47, 5665712, 17, 362055, 0
2920, 4278, 7, 8, 0, 0, 33.33%, 3, 2, 1, 1480.65, 5673371, 17, 362521, 0
2925, 4285, 4, 8, 0, 0, 33.33%, 3, 2, 1, 1912.13, 5682836, 17, 363152, 0
2930, 4293, 7, 8, 0, 0, 33.33%, 3, 2, 1, 1927.16, 5692232, 17, 363732, 0
2936, 4299, 7, 8, 0, 0, 33.33%, 3, 2, 1, 1649.31, 5700723, 17, 364293, 0
2941, 4304, 7, 8, 0, 0, 33.33%, 3, 2, 1, 1539.49, 5708327, 17, 364766, 0
2946, 4312, 7, 8, 0, 0, 33.33%, 3, 2, 1, 1903.38, 5718727, 17, 365419, 0
2951, 4319, 7, 8, 0, 0, 33.33%, 3, 2, 1, 519.72, 5726847, 17, 365942, 0
2956, 4326, 4, 8, 0, 0, 33.33%, 3, 2, 1, 1584.89, 5735633, 17, 366542, 0
2961, 4332, 1, 8, 0, 0, 33.33%, 3, 2, 1, 1783.02, 5744872, 17, 367184, 0
2966, 4340, 4, 8, 0, 0, 33.33%, 3, 2, 1, 2008.14, 5755267, 17, 367897, 0
2971, 4346, 7, 8, 0, 0, 33.33%, 3, 2, 1, 1618.21, 5763083, 17, 368352, 0
2976, 4354, 6, 8, 0, 0, 33.33%, 3, 2, 1, 1999.17, 5773067, 17, 368984, 0
2981, 4360, 6, 8, 0, 0, 33.33%, 3, 2, 1, 1810.18, 5781772, 17, 369542, 0
2986, 4366, 7, 8, 0, 0, 33.33%, 3, 2, 1, 1494.78, 5789367, 17, 369977, 0
2992, 4371, 6, 8, 0, 0, 33.33%, 3, 2, 1, 1383.93, 5796672, 17, 370417, 0
2997, 4378, 7, 8, 0, 0, 33.33%, 3, 2, 1, 1661.94, 5805786, 17, 371041, 0
3002, 4384, 7, 8, 0, 0, 33.33%, 3, 2, 1, 1767.16, 5814057, 17, 371507, 0
3007, 4391, 6, 8, 0, 0, 33.33%, 3, 2, 1, 1790.59, 5823245, 17, 372147, 0
3012, 4397, 7, 8, 0, 0, 33.33%, 3, 2, 1, 1668.30, 5831197, 17, 372631, 0
3017, 4402, 6, 8, 0, 0, 33.33%, 3, 2, 1, 1482.99, 5838233, 17, 373014, 0
3022, 4408, 1, 8, 0, 0, 33.33%, 3, 2, 1, 1665.62, 5847051, 17, 373600, 0
3027, 4415, 6, 8, 0, 0, 33.33%, 3, 2, 1, 1852.22, 5856472, 17, 374240, 0
3032, 4422, 7, 8, 0, 0, 33.33%, 3, 2, 1, 1673.21, 5865419, 17, 374873, 0
3038, 4428, 7, 8, 0, 0, 33.33%, 3, 2, 1, 1674.48, 5873769, 17, 375407, 0
3043, 4436, 7, 8, 0, 0, 33.33%, 3, 2, 1, 2350.88, 5884429, 17, 376059, 0
3048, 4442, 7, 8, 0, 0, 33.33%, 3, 2, 1, 1459.58, 5892683, 17, 376611, 0
3053, 4449, 1, 8, 0, 0, 33.33%, 3, 2, 1, 1857.38, 5902672, 17, 377174, 0
3058, 4456, 7, 8, 0, 0, 33.33%, 3, 2, 1, 1917.08, 5912451, 17, 377797, 0
3063, 4463, 7, 8, 0, 0, 33.33%, 3, 2, 1, 1838.71, 5921925, 17, 378484, 0
3068, 4471, 7, 8, 0, 0, 33.33%, 3, 2, 1, 2072.04, 5932969, 17, 379194, 0
3073, 4479, 7, 8, 0, 0, 33.33%, 3, 2, 1, 504.04, 5942695, 17, 379852, 0
3078, 4486, 6, 8, 0, 0, 33.33%, 3, 2, 1, 1449.38, 5951483, 17, 380430, 0
3084, 4494, 6, 8, 0, 0, 33.33%, 3, 2, 1, 2784.99, 5962193, 17, 381117, 0
3089, 4503, 7, 8, 0, 0, 33.33%, 3, 2, 1, 1558.13, 5972837, 17, 381685, 0
3094, 4509, 0, 8, 0, 0, 33.33%, 3, 2, 1, 1736.60, 5981523, 17, 382171, 0
3099, 4517, 1, 8, 0, 0, 33.33%, 3, 2, 1, 2070.30, 5992415, 17, 382846, 0
3104, 4524, 7, 8, 0, 0, 33.33%, 3, 2, 1, 1728.44, 6001092, 17, 383465, 0
3109, 4532, 1, 8, 0, 0, 33.33%, 3, 2, 1, 2094.64, 6012027, 17, 384181, 0
3114, 4541, 0, 8, 0, 0, 33.33%, 3, 2, 1, 2092.87, 6022686, 17, 384764, 0
3119, 4548, 7, 8, 0, 0, 33.33%, 3, 2, 1, 1989.78, 6032487, 17, 385328, 0
3124, 4555, 6, 8, 0, 0, 33.33%, 3, 2, 1, 1974.09, 6041893, 17, 385974, 0
3129, 4562, 7, 8, 0, 0, 33.33%, 3, 2, 1, 1646.86, 6050283, 17, 386437, 0
3135, 4569, 7, 8, 0, 0, 33.33%, 3, 2, 1, 1851.46, 6059889, 17, 387002, 0
3140, 4575, 7, 8, 0, 0, 33.33%, 3, 2, 1, 1748.49, 6068142, 17, 387560, 0
3145, 4583, 7, 8, 0, 0, 33.33%, 3, 2, 1, 1969.41, 6077877, 17, 388250, 0
3150, 4590, 7, 8, 0, 0, 33.33%, 3, 2, 1, 1983.46, 6088104, 17, 388829, 0
3155, 4596, 6, 8, 0, 0, 33.33%, 3, 2, 1, 1821.36, 6096357, 17, 389320, 0
3160, 4600, 7, 8, 0, 0, 33.33%, 3, 2, 1, 1378.24, 6102265, 17, 389656, 0
3165, 4610, 7, 8, 0, 0, 33.33%, 3, 2, 1, 2115.68, 6113631, 17, 390314, 0
3170, 4616, 7, 8, 0, 0, 33.33%, 3, 2, 1, 2008.32, 6121847, 17, 390833, 0
3175, 4624, 4, 8, 0, 0, 33.33%, 3, 2, 1, 1984.85, 6131367, 17, 391470, 0
3180, 4630, 6, 8, 0, 0, 33.33%, 3, 2, 1, 1804.58, 6140145, 17, 392080, 0
3185, 4637, 7, 8, 0, 0, 33.33%, 3, 2, 1, 1740.26, 6148977, 17, 392611, 0
3191, 4643, 7, 8, 0, 0, 33.33%, 3, 2, 1, 1410.41, 6156633, 17, 393124, 0
3196, 4650, 7, 8, 0, 0, 33.33%, 3, 2, 1, 1696.28, 6166086, 17, 393723, 0
3201, 4658, 6, 8, 0, 0, 33.33%, 3, 2, 1, 1873.25, 6175963, 17, 394299, 0
3206, 4665, 7, 8, 0, 0, 33.33%, 3, 2, 1, 2780.65, 6185194, 17, 394820, 0
3211, 4674, 7, 8, 0, 0, 33.33%, 3, 2, 1, 2475.56, 6196535, 17, 395539, 0
3216, 4681, 7, 8, 0, 0, 33.33%, 3, 2, 1, 1881.00, 6205554, 17, 396095, 0
3221, 4689, 7, 8, 0, 0, 33.33%, 3, 2, 1, 2075.97, 6215436, 17, 396626, 0
3226, 4695, 7, 8, 0, 0, 33.33%, 3, 2, 1, 483.25, 6223740, 17, 397187, 0
3231, 4703, 7, 8, 0, 0, 33.33%, 3, 2, 1, 1789.71, 6235117, 17, 397926, 0
3236, 4709, 7, 8, 0, 0, 33.33%, 3, 2, 1, 1771.20, 6243612, 17, 398493, 0
3241, 4718, 6, 8, 0, 0, 33.33%, 3, 2, 1, 2084.88, 6254401, 17, 399183, 0
3247, 4725, 7, 8, 0, 0, 33.33%, 3, 2, 1, 1991.06, 6264286, 17, 399827, 0
3252, 4732, 7, 8, 0, 0, 33.33%, 3, 2, 1, 1757.18, 6272505, 17, 400301, 0
3257, 4740, 7, 8, 0, 0, 33.33%, 3, 2, 1, 2062.65, 6283705, 17, 400985, 0
3262, 4748, 0, 8, 0, 0, 33.33%, 3, 2, 1, 2062.39, 6293736, 17, 401610, 0
3267, 4755, 1, 8, 0, 0, 33.33%, 3, 2, 1, 1865.32, 6302523, 17, 402086, 0
3272, 4763, 4, 8, 0, 0, 33.33%, 3, 2, 1, 1972.93, 6313317, 17, 402742, 0
3277, 4770, 6, 8, 0, 0, 33.33%, 3, 2, 1, 1742.18, 6322423, 17, 403341, 0
3282, 4777, 1, 8, 0, 0, 33.33%, 3, 2, 1, 1846.84, 6332022, 17, 403889, 0
3287, 4784, 7, 8, 0, 0, 33.33%, 3, 2, 1, 1706.81, 6340921, 17, 404482, 0
3292, 4791, 7, 8, 0, 0, 33.33%, 3, 2, 1, 1836.63, 6350867, 17, 405103, 0
3298, 4798, 4, 8, 0, 0, 33.33%, 3, 2, 1, 1857.46, 6360355, 17, 405689, 0
3303, 4807, 7, 8, 0, 0, 33.33%, 3, 2, 1, 2152.08, 6372163, 17, 406405, 0
3308, 4815, 7, 8, 0, 0, 33.33%, 3, 2, 1, 2009.42, 6381486, 17, 407005, 0
3313, 4822, 1, 8, 0, 0, 33.33%, 3, 2, 1, 1971.42, 6391626, 17, 407696, 0
3318, 4830, 7, 8, 0, 0, 33.33%, 3, 2, 1, 1843.70, 6401363, 17, 408288, 0
3323, 4837, 4, 8, 0, 0, 33.33%, 3, 2, 1, 1987.92, 6411709, 17, 408948, 0
3328, 4846, 7, 8, 0, 0, 33.33%, 3, 2, 1, 2067.52, 6422210, 17, 409544, 0
3333, 4854, 6, 8, 0, 0, 33.33%, 3, 2, 1, 2053.84, 6433217, 17, 410265, 0
3339, 4861, 4, 8, 0, 0, 33.33%, 3, 2, 1, 1825.96, 6442673, 17, 410805, 0
3344, 4868, 7, 8, 0, 0, 33.33%, 3, 2, 1, 1861.60, 6452189, 17, 411433, 0
3349, 4875, 7, 8, 0, 0, 33.33%, 3, 2, 1, 1793.03, 6460872, 17, 411972, 0
3354, 4880, 7, 8, 0, 0, 33.33%, 3, 2, 1, 1694.70, 6469321, 17, 412474, 0
3359, 4889, 7, 8, 0, 0, 33.33%, 3, 2, 1, 1943.51, 6479393, 17, 413120, 0
3364, 4896, 7, 8, 0, 0, 33.33%, 3, 2, 1, 1799.50, 6488986, 17, 413714, 0
3369, 4903, 7, 8, 0, 0, 33.33%, 3, 2, 1, 1861.01, 6498473, 17, 414271, 0
3374, 4910, 4, 8, 0, 0, 33.33%, 3, 2, 1, 1794.95, 6507859, 17, 414807, 0
3379, 4919, 7, 8, 0, 0, 33.33%, 3, 2, 1, 2007.88, 6518182, 17, 415481, 0
3384, 4927, 4, 8, 0, 0, 33.33%, 3, 2, 1, 2517.82, 6528937, 17, 416172, 0
3390, 4935, 6, 8, 0, 0, 33.33%, 3, 2, 1, 2392.75, 6538825, 17, 416823, 0
3395, 4942, 1, 8, 0, 0, 33.33%, 3, 2, 1, 1885.31, 6547686, 17, 417434, 0
3400, 4949, 1, 8, 0, 0, 33.33%, 3, 2, 1, 1502.68, 6555567, 17, 417967, 0
3405, 4955, 1, 8, 0, 0, 33.33%, 3, 2, 1, 1709.57, 6563853, 17, 418465, 0
3410, 4963, 1, 8, 0, 0, 33.33%, 3, 2, 1, 1895.43, 6573924, 17, 419016, 0
3415, 4969, 6, 8, 0, 0, 33.33%, 3, 2, 1, 1778.10, 6582812, 17, 419583, 0
3420, 4977, 1, 8, 0, 0, 33.33%, 3, 2, 1, 2049.33, 6593317, 17, 420174, 0
3425, 4983, 4, 8, 0, 0, 33.33%, 3, 2, 1, 1798.22, 6602236, 17, 420766, 0
3430, 4992, 7, 8, 0, 0, 33.33%, 3, 2, 1, 1943.59, 6612693, 17, 421433, 0
3435, 4998, 6, 8, 0, 0, 33.33%, 3, 2, 1, 1946.97, 6622413, 17, 422013, 0
3440, 5006, 0, 8, 0, 0, 33.33%, 3, 2, 1, 1923.97, 6632123, 17, 422649, 0
3446, 5013, 7, 8, 0, 0, 33.33%, 3, 2, 1, 1900.44, 6641573, 17, 423191, 0
3451, 5020, 7, 8, 0, 0, 33.33%, 3, 2, 1, 1778.74, 6650642, 17, 423689, 0
3456, 5027, 7, 8, 0, 0, 33.33%, 3, 2, 1, 1909.12, 6661343, 17, 424317, 0
3461, 5034, 7, 8, 0, 0, 33.33%, 3, 2, 1, 1669.34, 6669836, 17, 424791, 0
3466, 5043, 6, 8, 0, 0, 33.33%, 3, 2, 1, 2224.23, 6681425, 17, 425474, 0
3471, 5052, 0, 8, 0, 0, 33.33%, 3, 2, 1, 2466.85, 6692336, 17, 426183, 0
3476, 5061, 7, 8, 0, 0, 33.33%, 3, 2, 1, 2373.11, 6704534, 17, 427015, 0
3482, 5070, 7, 8, 0, 0, 33.33%, 3, 2, 1, 2288.01, 6715973, 17, 427749, 0
3487, 5076, 4, 8, 0, 0, 33.33%, 3, 2, 1, 1825.48, 6724323, 17, 428274, 0
3492, 5082, 7, 8, 0, 0, 33.33%, 3, 2, 1, 1922.09, 6734376, 17, 428832, 0
3497, 5088, 4, 8, 0, 0, 33.33%, 3, 2, 1, 1759.70, 6743121, 17, 429370, 0
3502, 5096, 7, 8, 0, 0, 33.33%, 3, 2, 1, 1859.78, 6752889, 17, 429973, 0
3507, 5104, 6, 8, 0, 0, 33.33%, 3, 2, 1, 2190.45, 6763263, 17, 430653, 0
3512, 5112, 7, 8, 0, 0, 33.33%, 3, 2, 1, 2044.40, 6773786, 17, 431316, 0
3517, 5119, 7, 8, 0, 0, 33.33%, 3, 2, 1, 1928.16, 6783575, 17, 431949, 0
3522, 5125, 7, 8, 0, 0, 33.33%, 3, 2, 1, 2121.00, 6793110, 17, 432541, 0
3527, 5134, 7, 8, 0, 0, 33.33%, 3, 2, 1, 2194.94, 6804669, 17, 433234, 0
3532, 5143, 7, 8, 0, 0, 33.33%, 3, 2, 1, 2327.59, 6815434, 17, 433910, 0
3538, 5150, 7, 8, 0, 0, 33.33%, 3, 2, 1, 2092.66, 6825605, 17, 434549, 0
3543, 5158, 7, 8, 0, 0, 33.33%, 3, 2, 1, 3013.61, 6835773, 17, 435114, 0
3548, 5166, 6, 8, 0, 0, 33.33%, 3, 2, 1, 2382.49, 6846586, 17, 435789, 0
3553, 5174, 7, 8, 0, 0, 33.33%, 3, 2, 1, 2173.35, 6857636, 17, 436480, 0
3558, 5181, 7, 8, 0, 0, 33.33%, 3, 2, 1, 1903.95, 6867515, 17, 437103, 0
3563, 5188, 7, 8, 0, 0, 33.33%, 3, 2, 1, 1878.18, 6876913, 17, 437640, 0
3568, 5196, 7, 8, 0, 0, 33.33%, 3, 2, 1, 1972.86, 6887126, 17, 438296, 0
3573, 5207, 0, 8, 0, 0, 33.33%, 3, 2, 1, 2664.14, 6901336, 17, 439255, 0
3579, 5218, 7, 8, 0, 0, 33.33%, 3, 2, 1, 990.29, 6914477, 17, 440045, 0
3584, 5224, 7, 8, 0, 0, 33.33%, 3, 2, 1, 1571.54, 6922980, 17, 440612, 0
3589, 5233, 7, 8, 0, 0, 33.33%, 3, 2, 1, 2201.14, 6934571, 17, 441315, 0
3594, 5240, 7, 8, 0, 0, 33.33%, 3, 2, 1, 1507.16, 6944032, 17, 441914, 0
3599, 5250, 0, 8, 0, 0, 33.33%, 3, 2, 1, 2243.91, 6956282, 17, 442644, 0
3604, 5258, 7, 8, 0, 0, 33.33%, 3, 2, 1, 2108.24, 6966813, 17, 443352, 0
3609, 5268, 7, 8, 0, 0, 33.33%, 3, 2, 1, 2607.66, 6979488, 17, 444236, 0
3614, 5277, 1, 8, 0, 0, 33.33%, 3, 2, 1, 2325.78, 6991029, 17, 444946, 0
3619, 5284, 6, 8, 0, 0, 33.33%, 3, 2, 1, 2135.47, 7001215, 17, 445550, 0
3621, 5289, 6, 8, 0, 0, 33.33%, 3, 2, 1, 3677.53, 7007135, 17, 445891, 0
